/*--------------------------------*- C++ -*----------------------------------*\
| =========                 |                                                 |
| \\      /  F ield         | OpenFOAM: The Open Source CFD Toolbox           |
|  \\    /   O peration     | Version:  3.0.1                                 |
|   \\  /    A nd           | Web:      www.OpenFOAM.org                      |
|    \\/     M anipulation  |                                                 |
\*---------------------------------------------------------------------------*/
FoamFile
{
    version     2.0;
    format      ascii;
    class       faceList;
    location    "constant/polyMesh";
    object      faces;
}
// * * * * * * * * * * * * * * * * * * * * * * * * * * * * * * * * * * * * * //


1476
(
4(1 8 99 92)
4(7 98 99 8)
4(91 92 99 98)
4(2 9 100 93)
4(8 99 100 9)
4(92 93 100 99)
4(3 10 101 94)
4(9 100 101 10)
4(93 94 101 100)
4(4 11 102 95)
4(10 101 102 11)
4(94 95 102 101)
4(5 12 103 96)
4(11 102 103 12)
4(95 96 103 102)
4(12 103 104 13)
4(96 97 104 103)
4(8 15 106 99)
4(14 105 106 15)
4(98 99 106 105)
4(9 16 107 100)
4(15 106 107 16)
4(99 100 107 106)
4(10 17 108 101)
4(16 107 108 17)
4(100 101 108 107)
4(11 18 109 102)
4(17 108 109 18)
4(101 102 109 108)
4(12 19 110 103)
4(18 109 110 19)
4(102 103 110 109)
4(19 110 111 20)
4(103 104 111 110)
4(15 22 113 106)
4(21 112 113 22)
4(105 106 113 112)
4(16 23 114 107)
4(22 113 114 23)
4(106 107 114 113)
4(17 24 115 108)
4(23 114 115 24)
4(107 108 115 114)
4(18 25 116 109)
4(24 115 116 25)
4(108 109 116 115)
4(19 26 117 110)
4(25 116 117 26)
4(109 110 117 116)
4(26 117 118 27)
4(110 111 118 117)
4(22 29 120 113)
4(28 119 120 29)
4(112 113 120 119)
4(23 30 121 114)
4(29 120 121 30)
4(113 114 121 120)
4(24 31 122 115)
4(30 121 122 31)
4(114 115 122 121)
4(25 32 123 116)
4(31 122 123 32)
4(115 116 123 122)
4(26 33 124 117)
4(32 123 124 33)
4(116 117 124 123)
4(33 124 125 34)
4(117 118 125 124)
4(29 36 127 120)
4(35 126 127 36)
4(119 120 127 126)
4(30 37 128 121)
4(36 127 128 37)
4(120 121 128 127)
4(31 38 129 122)
4(37 128 129 38)
4(121 122 129 128)
4(32 39 130 123)
4(38 129 130 39)
4(122 123 130 129)
4(33 40 131 124)
4(39 130 131 40)
4(123 124 131 130)
4(40 131 132 41)
4(124 125 132 131)
4(36 43 134 127)
4(42 133 134 43)
4(126 127 134 133)
4(37 44 135 128)
4(43 134 135 44)
4(127 128 135 134)
4(38 45 136 129)
4(44 135 136 45)
4(128 129 136 135)
4(39 46 137 130)
4(45 136 137 46)
4(129 130 137 136)
4(40 47 138 131)
4(46 137 138 47)
4(130 131 138 137)
4(47 138 139 48)
4(131 132 139 138)
4(43 50 141 134)
4(49 140 141 50)
4(133 134 141 140)
4(44 51 142 135)
4(50 141 142 51)
4(134 135 142 141)
4(45 52 143 136)
4(51 142 143 52)
4(135 136 143 142)
4(46 53 144 137)
4(52 143 144 53)
4(136 137 144 143)
4(47 54 145 138)
4(53 144 145 54)
4(137 138 145 144)
4(54 145 146 55)
4(138 139 146 145)
4(50 57 148 141)
4(56 147 148 57)
4(140 141 148 147)
4(51 58 149 142)
4(57 148 149 58)
4(141 142 149 148)
4(52 59 150 143)
4(58 149 150 59)
4(142 143 150 149)
4(53 60 151 144)
4(59 150 151 60)
4(143 144 151 150)
4(54 61 152 145)
4(60 151 152 61)
4(144 145 152 151)
4(61 152 153 62)
4(145 146 153 152)
4(57 64 155 148)
4(63 154 155 64)
4(147 148 155 154)
4(58 65 156 149)
4(64 155 156 65)
4(148 149 156 155)
4(59 66 157 150)
4(65 156 157 66)
4(149 150 157 156)
4(60 67 158 151)
4(66 157 158 67)
4(150 151 158 157)
4(61 68 159 152)
4(67 158 159 68)
4(151 152 159 158)
4(68 159 160 69)
4(152 153 160 159)
4(64 71 162 155)
4(70 161 162 71)
4(154 155 162 161)
4(65 72 163 156)
4(71 162 163 72)
4(155 156 163 162)
4(66 73 164 157)
4(72 163 164 73)
4(156 157 164 163)
4(67 74 165 158)
4(73 164 165 74)
4(157 158 165 164)
4(68 75 166 159)
4(74 165 166 75)
4(158 159 166 165)
4(75 166 167 76)
4(159 160 167 166)
4(71 78 169 162)
4(77 168 169 78)
4(161 162 169 168)
4(72 79 170 163)
4(78 169 170 79)
4(162 163 170 169)
4(73 80 171 164)
4(79 170 171 80)
4(163 164 171 170)
4(74 81 172 165)
4(80 171 172 81)
4(164 165 172 171)
4(75 82 173 166)
4(81 172 173 82)
4(165 166 173 172)
4(82 173 174 83)
4(166 167 174 173)
4(78 85 176 169)
4(168 169 176 175)
4(79 86 177 170)
4(169 170 177 176)
4(80 87 178 171)
4(170 171 178 177)
4(81 88 179 172)
4(171 172 179 178)
4(82 89 180 173)
4(172 173 180 179)
4(173 174 181 180)
4(92 99 190 183)
4(98 189 190 99)
4(182 183 190 189)
4(93 100 191 184)
4(99 190 191 100)
4(183 184 191 190)
4(94 101 192 185)
4(100 191 192 101)
4(184 185 192 191)
4(95 102 193 186)
4(101 192 193 102)
4(185 186 193 192)
4(96 103 194 187)
4(102 193 194 103)
4(186 187 194 193)
4(103 194 195 104)
4(187 188 195 194)
4(99 106 197 190)
4(105 196 197 106)
4(189 190 197 196)
4(100 107 198 191)
4(106 197 198 107)
4(190 191 198 197)
4(101 108 199 192)
4(107 198 199 108)
4(191 192 199 198)
4(102 109 200 193)
4(108 199 200 109)
4(192 193 200 199)
4(103 110 201 194)
4(109 200 201 110)
4(193 194 201 200)
4(110 201 202 111)
4(194 195 202 201)
4(106 113 204 197)
4(112 203 204 113)
4(196 197 204 203)
4(107 114 205 198)
4(113 204 205 114)
4(197 198 205 204)
4(108 115 206 199)
4(114 205 206 115)
4(198 199 206 205)
4(109 116 207 200)
4(115 206 207 116)
4(199 200 207 206)
4(110 117 208 201)
4(116 207 208 117)
4(200 201 208 207)
4(117 208 209 118)
4(201 202 209 208)
4(113 120 211 204)
4(119 210 211 120)
4(203 204 211 210)
4(114 121 212 205)
4(120 211 212 121)
4(204 205 212 211)
4(115 122 213 206)
4(121 212 213 122)
4(205 206 213 212)
4(116 123 214 207)
4(122 213 214 123)
4(206 207 214 213)
4(117 124 215 208)
4(123 214 215 124)
4(207 208 215 214)
4(124 215 216 125)
4(208 209 216 215)
4(120 127 218 211)
4(126 217 218 127)
4(210 211 218 217)
4(121 128 219 212)
4(127 218 219 128)
4(211 212 219 218)
4(122 129 220 213)
4(128 219 220 129)
4(212 213 220 219)
4(123 130 221 214)
4(129 220 221 130)
4(213 214 221 220)
4(124 131 222 215)
4(130 221 222 131)
4(214 215 222 221)
4(131 222 223 132)
4(215 216 223 222)
4(127 134 225 218)
4(133 224 225 134)
4(217 218 225 224)
4(128 135 226 219)
4(134 225 226 135)
4(218 219 226 225)
4(129 136 227 220)
4(135 226 227 136)
4(219 220 227 226)
4(130 137 228 221)
4(136 227 228 137)
4(220 221 228 227)
4(131 138 229 222)
4(137 228 229 138)
4(221 222 229 228)
4(138 229 230 139)
4(222 223 230 229)
4(134 141 232 225)
4(140 231 232 141)
4(224 225 232 231)
4(135 142 233 226)
4(141 232 233 142)
4(225 226 233 232)
4(136 143 234 227)
4(142 233 234 143)
4(226 227 234 233)
4(137 144 235 228)
4(143 234 235 144)
4(227 228 235 234)
4(138 145 236 229)
4(144 235 236 145)
4(228 229 236 235)
4(145 236 237 146)
4(229 230 237 236)
4(141 148 239 232)
4(147 238 239 148)
4(231 232 239 238)
4(142 149 240 233)
4(148 239 240 149)
4(232 233 240 239)
4(143 150 241 234)
4(149 240 241 150)
4(233 234 241 240)
4(144 151 242 235)
4(150 241 242 151)
4(234 235 242 241)
4(145 152 243 236)
4(151 242 243 152)
4(235 236 243 242)
4(152 243 244 153)
4(236 237 244 243)
4(148 155 246 239)
4(154 245 246 155)
4(238 239 246 245)
4(149 156 247 240)
4(155 246 247 156)
4(239 240 247 246)
4(150 157 248 241)
4(156 247 248 157)
4(240 241 248 247)
4(151 158 249 242)
4(157 248 249 158)
4(241 242 249 248)
4(152 159 250 243)
4(158 249 250 159)
4(242 243 250 249)
4(159 250 251 160)
4(243 244 251 250)
4(155 162 253 246)
4(161 252 253 162)
4(245 246 253 252)
4(156 163 254 247)
4(162 253 254 163)
4(246 247 254 253)
4(157 164 255 248)
4(163 254 255 164)
4(247 248 255 254)
4(158 165 256 249)
4(164 255 256 165)
4(248 249 256 255)
4(159 166 257 250)
4(165 256 257 166)
4(249 250 257 256)
4(166 257 258 167)
4(250 251 258 257)
4(162 169 260 253)
4(168 259 260 169)
4(252 253 260 259)
4(163 170 261 254)
4(169 260 261 170)
4(253 254 261 260)
4(164 171 262 255)
4(170 261 262 171)
4(254 255 262 261)
4(165 172 263 256)
4(171 262 263 172)
4(255 256 263 262)
4(166 173 264 257)
4(172 263 264 173)
4(256 257 264 263)
4(173 264 265 174)
4(257 258 265 264)
4(169 176 267 260)
4(259 260 267 266)
4(170 177 268 261)
4(260 261 268 267)
4(171 178 269 262)
4(261 262 269 268)
4(172 179 270 263)
4(262 263 270 269)
4(173 180 271 264)
4(263 264 271 270)
4(264 265 272 271)
4(183 190 281 274)
4(189 280 281 190)
4(273 274 281 280)
4(184 191 282 275)
4(190 281 282 191)
4(274 275 282 281)
4(185 192 283 276)
4(191 282 283 192)
4(275 276 283 282)
4(186 193 284 277)
4(192 283 284 193)
4(276 277 284 283)
4(187 194 285 278)
4(193 284 285 194)
4(277 278 285 284)
4(194 285 286 195)
4(278 279 286 285)
4(190 197 288 281)
4(196 287 288 197)
4(280 281 288 287)
4(191 198 289 282)
4(197 288 289 198)
4(281 282 289 288)
4(192 199 290 283)
4(198 289 290 199)
4(282 283 290 289)
4(193 200 291 284)
4(199 290 291 200)
4(283 284 291 290)
4(194 201 292 285)
4(200 291 292 201)
4(284 285 292 291)
4(201 292 293 202)
4(285 286 293 292)
4(197 204 295 288)
4(203 294 295 204)
4(287 288 295 294)
4(198 205 296 289)
4(204 295 296 205)
4(288 289 296 295)
4(199 206 297 290)
4(205 296 297 206)
4(289 290 297 296)
4(200 207 298 291)
4(206 297 298 207)
4(290 291 298 297)
4(201 208 299 292)
4(207 298 299 208)
4(291 292 299 298)
4(208 299 300 209)
4(292 293 300 299)
4(204 211 302 295)
4(210 301 302 211)
4(294 295 302 301)
4(205 212 303 296)
4(211 302 303 212)
4(295 296 303 302)
4(206 213 304 297)
4(212 303 304 213)
4(296 297 304 303)
4(207 214 305 298)
4(213 304 305 214)
4(297 298 305 304)
4(208 215 306 299)
4(214 305 306 215)
4(298 299 306 305)
4(215 306 307 216)
4(299 300 307 306)
4(211 218 309 302)
4(217 308 309 218)
4(301 302 309 308)
4(212 219 310 303)
4(218 309 310 219)
4(302 303 310 309)
4(213 220 311 304)
4(219 310 311 220)
4(303 304 311 310)
4(214 221 312 305)
4(220 311 312 221)
4(304 305 312 311)
4(215 222 313 306)
4(221 312 313 222)
4(305 306 313 312)
4(222 313 314 223)
4(306 307 314 313)
4(218 225 316 309)
4(224 315 316 225)
4(308 309 316 315)
4(219 226 317 310)
4(225 316 317 226)
4(309 310 317 316)
4(220 227 318 311)
4(226 317 318 227)
4(310 311 318 317)
4(221 228 319 312)
4(227 318 319 228)
4(311 312 319 318)
4(222 229 320 313)
4(228 319 320 229)
4(312 313 320 319)
4(229 320 321 230)
4(313 314 321 320)
4(225 232 323 316)
4(231 322 323 232)
4(315 316 323 322)
4(226 233 324 317)
4(232 323 324 233)
4(316 317 324 323)
4(227 234 325 318)
4(233 324 325 234)
4(317 318 325 324)
4(228 235 326 319)
4(234 325 326 235)
4(318 319 326 325)
4(229 236 327 320)
4(235 326 327 236)
4(319 320 327 326)
4(236 327 328 237)
4(320 321 328 327)
4(232 239 330 323)
4(238 329 330 239)
4(322 323 330 329)
4(233 240 331 324)
4(239 330 331 240)
4(323 324 331 330)
4(234 241 332 325)
4(240 331 332 241)
4(324 325 332 331)
4(235 242 333 326)
4(241 332 333 242)
4(325 326 333 332)
4(236 243 334 327)
4(242 333 334 243)
4(326 327 334 333)
4(243 334 335 244)
4(327 328 335 334)
4(239 246 337 330)
4(245 336 337 246)
4(329 330 337 336)
4(240 247 338 331)
4(246 337 338 247)
4(330 331 338 337)
4(241 248 339 332)
4(247 338 339 248)
4(331 332 339 338)
4(242 249 340 333)
4(248 339 340 249)
4(332 333 340 339)
4(243 250 341 334)
4(249 340 341 250)
4(333 334 341 340)
4(250 341 342 251)
4(334 335 342 341)
4(246 253 344 337)
4(252 343 344 253)
4(336 337 344 343)
4(247 254 345 338)
4(253 344 345 254)
4(337 338 345 344)
4(248 255 346 339)
4(254 345 346 255)
4(338 339 346 345)
4(249 256 347 340)
4(255 346 347 256)
4(339 340 347 346)
4(250 257 348 341)
4(256 347 348 257)
4(340 341 348 347)
4(257 348 349 258)
4(341 342 349 348)
4(253 260 351 344)
4(259 350 351 260)
4(343 344 351 350)
4(254 261 352 345)
4(260 351 352 261)
4(344 345 352 351)
4(255 262 353 346)
4(261 352 353 262)
4(345 346 353 352)
4(256 263 354 347)
4(262 353 354 263)
4(346 347 354 353)
4(257 264 355 348)
4(263 354 355 264)
4(347 348 355 354)
4(264 355 356 265)
4(348 349 356 355)
4(260 267 358 351)
4(350 351 358 357)
4(261 268 359 352)
4(351 352 359 358)
4(262 269 360 353)
4(352 353 360 359)
4(263 270 361 354)
4(353 354 361 360)
4(264 271 362 355)
4(354 355 362 361)
4(355 356 363 362)
4(274 281 372 365)
4(280 371 372 281)
4(364 365 372 371)
4(275 282 373 366)
4(281 372 373 282)
4(365 366 373 372)
4(276 283 374 367)
4(282 373 374 283)
4(366 367 374 373)
4(277 284 375 368)
4(283 374 375 284)
4(367 368 375 374)
4(278 285 376 369)
4(284 375 376 285)
4(368 369 376 375)
4(285 376 377 286)
4(369 370 377 376)
4(281 288 379 372)
4(287 378 379 288)
4(371 372 379 378)
4(282 289 380 373)
4(288 379 380 289)
4(372 373 380 379)
4(283 290 381 374)
4(289 380 381 290)
4(373 374 381 380)
4(284 291 382 375)
4(290 381 382 291)
4(374 375 382 381)
4(285 292 383 376)
4(291 382 383 292)
4(375 376 383 382)
4(292 383 384 293)
4(376 377 384 383)
4(288 295 386 379)
4(294 385 386 295)
4(378 379 386 385)
4(289 296 387 380)
4(295 386 387 296)
4(379 380 387 386)
4(290 297 388 381)
4(296 387 388 297)
4(380 381 388 387)
4(291 298 389 382)
4(297 388 389 298)
4(381 382 389 388)
4(292 299 390 383)
4(298 389 390 299)
4(382 383 390 389)
4(299 390 391 300)
4(383 384 391 390)
4(295 302 393 386)
4(301 392 393 302)
4(385 386 393 392)
4(296 303 394 387)
4(302 393 394 303)
4(386 387 394 393)
4(297 304 395 388)
4(303 394 395 304)
4(387 388 395 394)
4(298 305 396 389)
4(304 395 396 305)
4(388 389 396 395)
4(299 306 397 390)
4(305 396 397 306)
4(389 390 397 396)
4(306 397 398 307)
4(390 391 398 397)
4(302 309 400 393)
4(308 399 400 309)
4(392 393 400 399)
4(303 310 401 394)
4(309 400 401 310)
4(393 394 401 400)
4(304 311 402 395)
4(310 401 402 311)
4(394 395 402 401)
4(305 312 403 396)
4(311 402 403 312)
4(395 396 403 402)
4(306 313 404 397)
4(312 403 404 313)
4(396 397 404 403)
4(313 404 405 314)
4(397 398 405 404)
4(309 316 407 400)
4(315 406 407 316)
4(399 400 407 406)
4(310 317 408 401)
4(316 407 408 317)
4(400 401 408 407)
4(311 318 409 402)
4(317 408 409 318)
4(401 402 409 408)
4(312 319 410 403)
4(318 409 410 319)
4(402 403 410 409)
4(313 320 411 404)
4(319 410 411 320)
4(403 404 411 410)
4(320 411 412 321)
4(404 405 412 411)
4(316 323 414 407)
4(322 413 414 323)
4(406 407 414 413)
4(317 324 415 408)
4(323 414 415 324)
4(407 408 415 414)
4(318 325 416 409)
4(324 415 416 325)
4(408 409 416 415)
4(319 326 417 410)
4(325 416 417 326)
4(409 410 417 416)
4(320 327 418 411)
4(326 417 418 327)
4(410 411 418 417)
4(327 418 419 328)
4(411 412 419 418)
4(323 330 421 414)
4(329 420 421 330)
4(413 414 421 420)
4(324 331 422 415)
4(330 421 422 331)
4(414 415 422 421)
4(325 332 423 416)
4(331 422 423 332)
4(415 416 423 422)
4(326 333 424 417)
4(332 423 424 333)
4(416 417 424 423)
4(327 334 425 418)
4(333 424 425 334)
4(417 418 425 424)
4(334 425 426 335)
4(418 419 426 425)
4(330 337 428 421)
4(336 427 428 337)
4(420 421 428 427)
4(331 338 429 422)
4(337 428 429 338)
4(421 422 429 428)
4(332 339 430 423)
4(338 429 430 339)
4(422 423 430 429)
4(333 340 431 424)
4(339 430 431 340)
4(423 424 431 430)
4(334 341 432 425)
4(340 431 432 341)
4(424 425 432 431)
4(341 432 433 342)
4(425 426 433 432)
4(337 344 435 428)
4(343 434 435 344)
4(427 428 435 434)
4(338 345 436 429)
4(344 435 436 345)
4(428 429 436 435)
4(339 346 437 430)
4(345 436 437 346)
4(429 430 437 436)
4(340 347 438 431)
4(346 437 438 347)
4(430 431 438 437)
4(341 348 439 432)
4(347 438 439 348)
4(431 432 439 438)
4(348 439 440 349)
4(432 433 440 439)
4(344 351 442 435)
4(350 441 442 351)
4(434 435 442 441)
4(345 352 443 436)
4(351 442 443 352)
4(435 436 443 442)
4(346 353 444 437)
4(352 443 444 353)
4(436 437 444 443)
4(347 354 445 438)
4(353 444 445 354)
4(437 438 445 444)
4(348 355 446 439)
4(354 445 446 355)
4(438 439 446 445)
4(355 446 447 356)
4(439 440 447 446)
4(351 358 449 442)
4(441 442 449 448)
4(352 359 450 443)
4(442 443 450 449)
4(353 360 451 444)
4(443 444 451 450)
4(354 361 452 445)
4(444 445 452 451)
4(355 362 453 446)
4(445 446 453 452)
4(446 447 454 453)
4(365 372 463 456)
4(371 462 463 372)
4(455 456 463 462)
4(366 373 464 457)
4(372 463 464 373)
4(456 457 464 463)
4(367 374 465 458)
4(373 464 465 374)
4(457 458 465 464)
4(368 375 466 459)
4(374 465 466 375)
4(458 459 466 465)
4(369 376 467 460)
4(375 466 467 376)
4(459 460 467 466)
4(376 467 468 377)
4(460 461 468 467)
4(372 379 470 463)
4(378 469 470 379)
4(462 463 470 469)
4(373 380 471 464)
4(379 470 471 380)
4(463 464 471 470)
4(374 381 472 465)
4(380 471 472 381)
4(464 465 472 471)
4(375 382 473 466)
4(381 472 473 382)
4(465 466 473 472)
4(376 383 474 467)
4(382 473 474 383)
4(466 467 474 473)
4(383 474 475 384)
4(467 468 475 474)
4(379 386 477 470)
4(385 476 477 386)
4(469 470 477 476)
4(380 387 478 471)
4(386 477 478 387)
4(470 471 478 477)
4(381 388 479 472)
4(387 478 479 388)
4(471 472 479 478)
4(382 389 480 473)
4(388 479 480 389)
4(472 473 480 479)
4(383 390 481 474)
4(389 480 481 390)
4(473 474 481 480)
4(390 481 482 391)
4(474 475 482 481)
4(386 393 484 477)
4(392 483 484 393)
4(476 477 484 483)
4(387 394 485 478)
4(393 484 485 394)
4(477 478 485 484)
4(388 395 486 479)
4(394 485 486 395)
4(478 479 486 485)
4(389 396 487 480)
4(395 486 487 396)
4(479 480 487 486)
4(390 397 488 481)
4(396 487 488 397)
4(480 481 488 487)
4(397 488 489 398)
4(481 482 489 488)
4(393 400 491 484)
4(399 490 491 400)
4(483 484 491 490)
4(394 401 492 485)
4(400 491 492 401)
4(484 485 492 491)
4(395 402 493 486)
4(401 492 493 402)
4(485 486 493 492)
4(396 403 494 487)
4(402 493 494 403)
4(486 487 494 493)
4(397 404 495 488)
4(403 494 495 404)
4(487 488 495 494)
4(404 495 496 405)
4(488 489 496 495)
4(400 407 498 491)
4(406 497 498 407)
4(490 491 498 497)
4(401 408 499 492)
4(407 498 499 408)
4(491 492 499 498)
4(402 409 500 493)
4(408 499 500 409)
4(492 493 500 499)
4(403 410 501 494)
4(409 500 501 410)
4(493 494 501 500)
4(404 411 502 495)
4(410 501 502 411)
4(494 495 502 501)
4(411 502 503 412)
4(495 496 503 502)
4(407 414 505 498)
4(413 504 505 414)
4(497 498 505 504)
4(408 415 506 499)
4(414 505 506 415)
4(498 499 506 505)
4(409 416 507 500)
4(415 506 507 416)
4(499 500 507 506)
4(410 417 508 501)
4(416 507 508 417)
4(500 501 508 507)
4(411 418 509 502)
4(417 508 509 418)
4(501 502 509 508)
4(418 509 510 419)
4(502 503 510 509)
4(414 421 512 505)
4(420 511 512 421)
4(504 505 512 511)
4(415 422 513 506)
4(421 512 513 422)
4(505 506 513 512)
4(416 423 514 507)
4(422 513 514 423)
4(506 507 514 513)
4(417 424 515 508)
4(423 514 515 424)
4(507 508 515 514)
4(418 425 516 509)
4(424 515 516 425)
4(508 509 516 515)
4(425 516 517 426)
4(509 510 517 516)
4(421 428 519 512)
4(427 518 519 428)
4(511 512 519 518)
4(422 429 520 513)
4(428 519 520 429)
4(512 513 520 519)
4(423 430 521 514)
4(429 520 521 430)
4(513 514 521 520)
4(424 431 522 515)
4(430 521 522 431)
4(514 515 522 521)
4(425 432 523 516)
4(431 522 523 432)
4(515 516 523 522)
4(432 523 524 433)
4(516 517 524 523)
4(428 435 526 519)
4(434 525 526 435)
4(518 519 526 525)
4(429 436 527 520)
4(435 526 527 436)
4(519 520 527 526)
4(430 437 528 521)
4(436 527 528 437)
4(520 521 528 527)
4(431 438 529 522)
4(437 528 529 438)
4(521 522 529 528)
4(432 439 530 523)
4(438 529 530 439)
4(522 523 530 529)
4(439 530 531 440)
4(523 524 531 530)
4(435 442 533 526)
4(441 532 533 442)
4(525 526 533 532)
4(436 443 534 527)
4(442 533 534 443)
4(526 527 534 533)
4(437 444 535 528)
4(443 534 535 444)
4(527 528 535 534)
4(438 445 536 529)
4(444 535 536 445)
4(528 529 536 535)
4(439 446 537 530)
4(445 536 537 446)
4(529 530 537 536)
4(446 537 538 447)
4(530 531 538 537)
4(442 449 540 533)
4(532 533 540 539)
4(443 450 541 534)
4(533 534 541 540)
4(444 451 542 535)
4(534 535 542 541)
4(445 452 543 536)
4(535 536 543 542)
4(446 453 544 537)
4(536 537 544 543)
4(537 538 545 544)
4(456 463 554 547)
4(462 553 554 463)
4(457 464 555 548)
4(463 554 555 464)
4(458 465 556 549)
4(464 555 556 465)
4(459 466 557 550)
4(465 556 557 466)
4(460 467 558 551)
4(466 557 558 467)
4(467 558 559 468)
4(463 470 561 554)
4(469 560 561 470)
4(464 471 562 555)
4(470 561 562 471)
4(465 472 563 556)
4(471 562 563 472)
4(466 473 564 557)
4(472 563 564 473)
4(467 474 565 558)
4(473 564 565 474)
4(474 565 566 475)
4(470 477 568 561)
4(476 567 568 477)
4(471 478 569 562)
4(477 568 569 478)
4(472 479 570 563)
4(478 569 570 479)
4(473 480 571 564)
4(479 570 571 480)
4(474 481 572 565)
4(480 571 572 481)
4(481 572 573 482)
4(477 484 575 568)
4(483 574 575 484)
4(478 485 576 569)
4(484 575 576 485)
4(479 486 577 570)
4(485 576 577 486)
4(480 487 578 571)
4(486 577 578 487)
4(481 488 579 572)
4(487 578 579 488)
4(488 579 580 489)
4(484 491 582 575)
4(490 581 582 491)
4(485 492 583 576)
4(491 582 583 492)
4(486 493 584 577)
4(492 583 584 493)
4(487 494 585 578)
4(493 584 585 494)
4(488 495 586 579)
4(494 585 586 495)
4(495 586 587 496)
4(491 498 589 582)
4(497 588 589 498)
4(492 499 590 583)
4(498 589 590 499)
4(493 500 591 584)
4(499 590 591 500)
4(494 501 592 585)
4(500 591 592 501)
4(495 502 593 586)
4(501 592 593 502)
4(502 593 594 503)
4(498 505 596 589)
4(504 595 596 505)
4(499 506 597 590)
4(505 596 597 506)
4(500 507 598 591)
4(506 597 598 507)
4(501 508 599 592)
4(507 598 599 508)
4(502 509 600 593)
4(508 599 600 509)
4(509 600 601 510)
4(505 512 603 596)
4(511 602 603 512)
4(506 513 604 597)
4(512 603 604 513)
4(507 514 605 598)
4(513 604 605 514)
4(508 515 606 599)
4(514 605 606 515)
4(509 516 607 600)
4(515 606 607 516)
4(516 607 608 517)
4(512 519 610 603)
4(518 609 610 519)
4(513 520 611 604)
4(519 610 611 520)
4(514 521 612 605)
4(520 611 612 521)
4(515 522 613 606)
4(521 612 613 522)
4(516 523 614 607)
4(522 613 614 523)
4(523 614 615 524)
4(519 526 617 610)
4(525 616 617 526)
4(520 527 618 611)
4(526 617 618 527)
4(521 528 619 612)
4(527 618 619 528)
4(522 529 620 613)
4(528 619 620 529)
4(523 530 621 614)
4(529 620 621 530)
4(530 621 622 531)
4(526 533 624 617)
4(532 623 624 533)
4(527 534 625 618)
4(533 624 625 534)
4(528 535 626 619)
4(534 625 626 535)
4(529 536 627 620)
4(535 626 627 536)
4(530 537 628 621)
4(536 627 628 537)
4(537 628 629 538)
4(533 540 631 624)
4(534 541 632 625)
4(535 542 633 626)
4(536 543 634 627)
4(537 544 635 628)
4(84 175 176 85)
4(175 266 267 176)
4(266 357 358 267)
4(357 448 449 358)
4(448 539 540 449)
4(539 630 631 540)
4(85 176 177 86)
4(176 267 268 177)
4(267 358 359 268)
4(358 449 450 359)
4(449 540 541 450)
4(540 631 632 541)
4(86 177 178 87)
4(177 268 269 178)
4(268 359 360 269)
4(359 450 451 360)
4(450 541 542 451)
4(541 632 633 542)
4(87 178 179 88)
4(178 269 270 179)
4(269 360 361 270)
4(360 451 452 361)
4(451 542 543 452)
4(542 633 634 543)
4(88 179 180 89)
4(179 270 271 180)
4(270 361 362 271)
4(361 452 453 362)
4(452 543 544 453)
4(543 634 635 544)
4(89 180 181 90)
4(180 271 272 181)
4(271 362 363 272)
4(362 453 454 363)
4(453 544 545 454)
4(544 635 636 545)
4(0 1 92 91)
4(91 92 183 182)
4(182 183 274 273)
4(273 274 365 364)
4(364 365 456 455)
4(455 456 547 546)
4(1 2 93 92)
4(92 93 184 183)
4(183 184 275 274)
4(274 275 366 365)
4(365 366 457 456)
4(456 457 548 547)
4(2 3 94 93)
4(93 94 185 184)
4(184 185 276 275)
4(275 276 367 366)
4(366 367 458 457)
4(457 458 549 548)
4(3 4 95 94)
4(94 95 186 185)
4(185 186 277 276)
4(276 277 368 367)
4(367 368 459 458)
4(458 459 550 549)
4(4 5 96 95)
4(95 96 187 186)
4(186 187 278 277)
4(277 278 369 368)
4(368 369 460 459)
4(459 460 551 550)
4(5 6 97 96)
4(96 97 188 187)
4(187 188 279 278)
4(278 279 370 369)
4(369 370 461 460)
4(460 461 552 551)
4(0 91 98 7)
4(7 98 105 14)
4(14 105 112 21)
4(21 112 119 28)
4(28 119 126 35)
4(35 126 133 42)
4(42 133 140 49)
4(49 140 147 56)
4(56 147 154 63)
4(63 154 161 70)
4(70 161 168 77)
4(77 168 175 84)
4(91 182 189 98)
4(98 189 196 105)
4(105 196 203 112)
4(112 203 210 119)
4(119 210 217 126)
4(126 217 224 133)
4(133 224 231 140)
4(140 231 238 147)
4(147 238 245 154)
4(154 245 252 161)
4(161 252 259 168)
4(168 259 266 175)
4(182 273 280 189)
4(189 280 287 196)
4(196 287 294 203)
4(203 294 301 210)
4(210 301 308 217)
4(217 308 315 224)
4(224 315 322 231)
4(231 322 329 238)
4(238 329 336 245)
4(245 336 343 252)
4(252 343 350 259)
4(259 350 357 266)
4(273 364 371 280)
4(280 371 378 287)
4(287 378 385 294)
4(294 385 392 301)
4(301 392 399 308)
4(308 399 406 315)
4(315 406 413 322)
4(322 413 420 329)
4(329 420 427 336)
4(336 427 434 343)
4(343 434 441 350)
4(350 441 448 357)
4(364 455 462 371)
4(371 462 469 378)
4(378 469 476 385)
4(385 476 483 392)
4(392 483 490 399)
4(399 490 497 406)
4(406 497 504 413)
4(413 504 511 420)
4(420 511 518 427)
4(427 518 525 434)
4(434 525 532 441)
4(441 532 539 448)
4(455 546 553 462)
4(462 553 560 469)
4(469 560 567 476)
4(476 567 574 483)
4(483 574 581 490)
4(490 581 588 497)
4(497 588 595 504)
4(504 595 602 511)
4(511 602 609 518)
4(518 609 616 525)
4(525 616 623 532)
4(532 623 630 539)
4(6 13 104 97)
4(13 20 111 104)
4(20 27 118 111)
4(27 34 125 118)
4(34 41 132 125)
4(41 48 139 132)
4(48 55 146 139)
4(55 62 153 146)
4(62 69 160 153)
4(69 76 167 160)
4(76 83 174 167)
4(83 90 181 174)
4(97 104 195 188)
4(104 111 202 195)
4(111 118 209 202)
4(118 125 216 209)
4(125 132 223 216)
4(132 139 230 223)
4(139 146 237 230)
4(146 153 244 237)
4(153 160 251 244)
4(160 167 258 251)
4(167 174 265 258)
4(174 181 272 265)
4(188 195 286 279)
4(195 202 293 286)
4(202 209 300 293)
4(209 216 307 300)
4(216 223 314 307)
4(223 230 321 314)
4(230 237 328 321)
4(237 244 335 328)
4(244 251 342 335)
4(251 258 349 342)
4(258 265 356 349)
4(265 272 363 356)
4(279 286 377 370)
4(286 293 384 377)
4(293 300 391 384)
4(300 307 398 391)
4(307 314 405 398)
4(314 321 412 405)
4(321 328 419 412)
4(328 335 426 419)
4(335 342 433 426)
4(342 349 440 433)
4(349 356 447 440)
4(356 363 454 447)
4(370 377 468 461)
4(377 384 475 468)
4(384 391 482 475)
4(391 398 489 482)
4(398 405 496 489)
4(405 412 503 496)
4(412 419 510 503)
4(419 426 517 510)
4(426 433 524 517)
4(433 440 531 524)
4(440 447 538 531)
4(447 454 545 538)
4(461 468 559 552)
4(468 475 566 559)
4(475 482 573 566)
4(482 489 580 573)
4(489 496 587 580)
4(496 503 594 587)
4(503 510 601 594)
4(510 517 608 601)
4(517 524 615 608)
4(524 531 622 615)
4(531 538 629 622)
4(538 545 636 629)
4(546 547 554 553)
4(553 554 561 560)
4(560 561 568 567)
4(567 568 575 574)
4(574 575 582 581)
4(581 582 589 588)
4(588 589 596 595)
4(595 596 603 602)
4(602 603 610 609)
4(609 610 617 616)
4(616 617 624 623)
4(623 624 631 630)
4(547 548 555 554)
4(554 555 562 561)
4(561 562 569 568)
4(568 569 576 575)
4(575 576 583 582)
4(582 583 590 589)
4(589 590 597 596)
4(596 597 604 603)
4(603 604 611 610)
4(610 611 618 617)
4(617 618 625 624)
4(624 625 632 631)
4(548 549 556 555)
4(555 556 563 562)
4(562 563 570 569)
4(569 570 577 576)
4(576 577 584 583)
4(583 584 591 590)
4(590 591 598 597)
4(597 598 605 604)
4(604 605 612 611)
4(611 612 619 618)
4(618 619 626 625)
4(625 626 633 632)
4(549 550 557 556)
4(556 557 564 563)
4(563 564 571 570)
4(570 571 578 577)
4(577 578 585 584)
4(584 585 592 591)
4(591 592 599 598)
4(598 599 606 605)
4(605 606 613 612)
4(612 613 620 619)
4(619 620 627 626)
4(626 627 634 633)
4(550 551 558 557)
4(557 558 565 564)
4(564 565 572 571)
4(571 572 579 578)
4(578 579 586 585)
4(585 586 593 592)
4(592 593 600 599)
4(599 600 607 606)
4(606 607 614 613)
4(613 614 621 620)
4(620 621 628 627)
4(627 628 635 634)
4(551 552 559 558)
4(558 559 566 565)
4(565 566 573 572)
4(572 573 580 579)
4(579 580 587 586)
4(586 587 594 593)
4(593 594 601 600)
4(600 601 608 607)
4(607 608 615 614)
4(614 615 622 621)
4(621 622 629 628)
4(628 629 636 635)
4(0 7 8 1)
4(7 14 15 8)
4(14 21 22 15)
4(21 28 29 22)
4(28 35 36 29)
4(35 42 43 36)
4(42 49 50 43)
4(49 56 57 50)
4(56 63 64 57)
4(63 70 71 64)
4(70 77 78 71)
4(77 84 85 78)
4(1 8 9 2)
4(8 15 16 9)
4(15 22 23 16)
4(22 29 30 23)
4(29 36 37 30)
4(36 43 44 37)
4(43 50 51 44)
4(50 57 58 51)
4(57 64 65 58)
4(64 71 72 65)
4(71 78 79 72)
4(78 85 86 79)
4(2 9 10 3)
4(9 16 17 10)
4(16 23 24 17)
4(23 30 31 24)
4(30 37 38 31)
4(37 44 45 38)
4(44 51 52 45)
4(51 58 59 52)
4(58 65 66 59)
4(65 72 73 66)
4(72 79 80 73)
4(79 86 87 80)
4(3 10 11 4)
4(10 17 18 11)
4(17 24 25 18)
4(24 31 32 25)
4(31 38 39 32)
4(38 45 46 39)
4(45 52 53 46)
4(52 59 60 53)
4(59 66 67 60)
4(66 73 74 67)
4(73 80 81 74)
4(80 87 88 81)
4(4 11 12 5)
4(11 18 19 12)
4(18 25 26 19)
4(25 32 33 26)
4(32 39 40 33)
4(39 46 47 40)
4(46 53 54 47)
4(53 60 61 54)
4(60 67 68 61)
4(67 74 75 68)
4(74 81 82 75)
4(81 88 89 82)
4(5 12 13 6)
4(12 19 20 13)
4(19 26 27 20)
4(26 33 34 27)
4(33 40 41 34)
4(40 47 48 41)
4(47 54 55 48)
4(54 61 62 55)
4(61 68 69 62)
4(68 75 76 69)
4(75 82 83 76)
4(82 89 90 83)
)


// ************************************************************************* //
