/*--------------------------------*- C++ -*----------------------------------*\
| =========                 |                                                 |
| \\      /  F ield         | OpenFOAM: The Open Source CFD Toolbox           |
|  \\    /   O peration     | Version:  3.0.1                                 |
|   \\  /    A nd           | Web:      www.OpenFOAM.org                      |
|    \\/     M anipulation  |                                                 |
\*---------------------------------------------------------------------------*/
FoamFile
{
    version     2.0;
    format      ascii;
    class       labelList;
    note        "nPoints: 637 nCells: 432 nFaces: 1476 nInternalFaces: 1116";
    location    "constant/polyMesh";
    object      neighbour;
}
// * * * * * * * * * * * * * * * * * * * * * * * * * * * * * * * * * * * * * //


1116
(
1
6
72
2
7
73
3
8
74
4
9
75
5
10
76
11
77
7
12
78
8
13
79
9
14
80
10
15
81
11
16
82
17
83
13
18
84
14
19
85
15
20
86
16
21
87
17
22
88
23
89
19
24
90
20
25
91
21
26
92
22
27
93
23
28
94
29
95
25
30
96
26
31
97
27
32
98
28
33
99
29
34
100
35
101
31
36
102
32
37
103
33
38
104
34
39
105
35
40
106
41
107
37
42
108
38
43
109
39
44
110
40
45
111
41
46
112
47
113
43
48
114
44
49
115
45
50
116
46
51
117
47
52
118
53
119
49
54
120
50
55
121
51
56
122
52
57
123
53
58
124
59
125
55
60
126
56
61
127
57
62
128
58
63
129
59
64
130
65
131
61
66
132
62
67
133
63
68
134
64
69
135
65
70
136
71
137
67
138
68
139
69
140
70
141
71
142
143
73
78
144
74
79
145
75
80
146
76
81
147
77
82
148
83
149
79
84
150
80
85
151
81
86
152
82
87
153
83
88
154
89
155
85
90
156
86
91
157
87
92
158
88
93
159
89
94
160
95
161
91
96
162
92
97
163
93
98
164
94
99
165
95
100
166
101
167
97
102
168
98
103
169
99
104
170
100
105
171
101
106
172
107
173
103
108
174
104
109
175
105
110
176
106
111
177
107
112
178
113
179
109
114
180
110
115
181
111
116
182
112
117
183
113
118
184
119
185
115
120
186
116
121
187
117
122
188
118
123
189
119
124
190
125
191
121
126
192
122
127
193
123
128
194
124
129
195
125
130
196
131
197
127
132
198
128
133
199
129
134
200
130
135
201
131
136
202
137
203
133
138
204
134
139
205
135
140
206
136
141
207
137
142
208
143
209
139
210
140
211
141
212
142
213
143
214
215
145
150
216
146
151
217
147
152
218
148
153
219
149
154
220
155
221
151
156
222
152
157
223
153
158
224
154
159
225
155
160
226
161
227
157
162
228
158
163
229
159
164
230
160
165
231
161
166
232
167
233
163
168
234
164
169
235
165
170
236
166
171
237
167
172
238
173
239
169
174
240
170
175
241
171
176
242
172
177
243
173
178
244
179
245
175
180
246
176
181
247
177
182
248
178
183
249
179
184
250
185
251
181
186
252
182
187
253
183
188
254
184
189
255
185
190
256
191
257
187
192
258
188
193
259
189
194
260
190
195
261
191
196
262
197
263
193
198
264
194
199
265
195
200
266
196
201
267
197
202
268
203
269
199
204
270
200
205
271
201
206
272
202
207
273
203
208
274
209
275
205
210
276
206
211
277
207
212
278
208
213
279
209
214
280
215
281
211
282
212
283
213
284
214
285
215
286
287
217
222
288
218
223
289
219
224
290
220
225
291
221
226
292
227
293
223
228
294
224
229
295
225
230
296
226
231
297
227
232
298
233
299
229
234
300
230
235
301
231
236
302
232
237
303
233
238
304
239
305
235
240
306
236
241
307
237
242
308
238
243
309
239
244
310
245
311
241
246
312
242
247
313
243
248
314
244
249
315
245
250
316
251
317
247
252
318
248
253
319
249
254
320
250
255
321
251
256
322
257
323
253
258
324
254
259
325
255
260
326
256
261
327
257
262
328
263
329
259
264
330
260
265
331
261
266
332
262
267
333
263
268
334
269
335
265
270
336
266
271
337
267
272
338
268
273
339
269
274
340
275
341
271
276
342
272
277
343
273
278
344
274
279
345
275
280
346
281
347
277
282
348
278
283
349
279
284
350
280
285
351
281
286
352
287
353
283
354
284
355
285
356
286
357
287
358
359
289
294
360
290
295
361
291
296
362
292
297
363
293
298
364
299
365
295
300
366
296
301
367
297
302
368
298
303
369
299
304
370
305
371
301
306
372
302
307
373
303
308
374
304
309
375
305
310
376
311
377
307
312
378
308
313
379
309
314
380
310
315
381
311
316
382
317
383
313
318
384
314
319
385
315
320
386
316
321
387
317
322
388
323
389
319
324
390
320
325
391
321
326
392
322
327
393
323
328
394
329
395
325
330
396
326
331
397
327
332
398
328
333
399
329
334
400
335
401
331
336
402
332
337
403
333
338
404
334
339
405
335
340
406
341
407
337
342
408
338
343
409
339
344
410
340
345
411
341
346
412
347
413
343
348
414
344
349
415
345
350
416
346
351
417
347
352
418
353
419
349
354
420
350
355
421
351
356
422
352
357
423
353
358
424
359
425
355
426
356
427
357
428
358
429
359
430
431
361
366
362
367
363
368
364
369
365
370
371
367
372
368
373
369
374
370
375
371
376
377
373
378
374
379
375
380
376
381
377
382
383
379
384
380
385
381
386
382
387
383
388
389
385
390
386
391
387
392
388
393
389
394
395
391
396
392
397
393
398
394
399
395
400
401
397
402
398
403
399
404
400
405
401
406
407
403
408
404
409
405
410
406
411
407
412
413
409
414
410
415
411
416
412
417
413
418
419
415
420
416
421
417
422
418
423
419
424
425
421
426
422
427
423
428
424
429
425
430
431
427
428
429
430
431
)


// ************************************************************************* //
