/*--------------------------------*- C++ -*----------------------------------*\
| =========                 |                                                 |
| \\      /  F ield         | OpenFOAM: The Open Source CFD Toolbox           |
|  \\    /   O peration     | Version:  3.0.1                                 |
|   \\  /    A nd           | Web:      www.OpenFOAM.org                      |
|    \\/     M anipulation  |                                                 |
\*---------------------------------------------------------------------------*/
FoamFile
{
    version     2.0;
    format      ascii;
    class       vectorField;
    location    "constant/polyMesh";
    object      points;
}
// * * * * * * * * * * * * * * * * * * * * * * * * * * * * * * * * * * * * * //


637
(
(0 0 0)
(0.1666666667 0 0)
(0.3333333333 0 0)
(0.5 0 0)
(0.6666666667 0 0)
(0.8333333333 0 0)
(1 0 0)
(0 0.08333333333 0)
(0.1666666667 0.08333333333 0)
(0.3333333333 0.08333333333 0)
(0.5 0.08333333333 0)
(0.6666666667 0.08333333333 0)
(0.8333333333 0.08333333333 0)
(1 0.08333333333 0)
(0 0.1666666667 0)
(0.1666666667 0.1666666667 0)
(0.3333333333 0.1666666667 0)
(0.5 0.1666666667 0)
(0.6666666667 0.1666666667 0)
(0.8333333333 0.1666666667 0)
(1 0.1666666667 0)
(0 0.25 0)
(0.1666666667 0.25 0)
(0.3333333333 0.25 0)
(0.5 0.25 0)
(0.6666666667 0.25 0)
(0.8333333333 0.25 0)
(1 0.25 0)
(0 0.3333333333 0)
(0.1666666667 0.3333333333 0)
(0.3333333333 0.3333333333 0)
(0.5 0.3333333333 0)
(0.6666666667 0.3333333333 0)
(0.8333333333 0.3333333333 0)
(1 0.3333333333 0)
(0 0.4166666667 0)
(0.1666666667 0.4166666667 0)
(0.3333333333 0.4166666667 0)
(0.5 0.4166666667 0)
(0.6666666667 0.4166666667 0)
(0.8333333333 0.4166666667 0)
(1 0.4166666667 0)
(0 0.5 0)
(0.1666666667 0.5 0)
(0.3333333333 0.5 0)
(0.5 0.5 0)
(0.6666666667 0.5 0)
(0.8333333333 0.5 0)
(1 0.5 0)
(0 0.5833333333 0)
(0.1666666667 0.5833333333 0)
(0.3333333333 0.5833333333 0)
(0.5 0.5833333333 0)
(0.6666666667 0.5833333333 0)
(0.8333333333 0.5833333333 0)
(1 0.5833333333 0)
(0 0.6666666667 0)
(0.1666666667 0.6666666667 0)
(0.3333333333 0.6666666667 0)
(0.5 0.6666666667 0)
(0.6666666667 0.6666666667 0)
(0.8333333333 0.6666666667 0)
(1 0.6666666667 0)
(0 0.75 0)
(0.1666666667 0.75 0)
(0.3333333333 0.75 0)
(0.5 0.75 0)
(0.6666666667 0.75 0)
(0.8333333333 0.75 0)
(1 0.75 0)
(0 0.8333333333 0)
(0.1666666667 0.8333333333 0)
(0.3333333333 0.8333333333 0)
(0.5 0.8333333333 0)
(0.6666666667 0.8333333333 0)
(0.8333333333 0.8333333333 0)
(1 0.8333333333 0)
(0 0.9166666667 0)
(0.1666666667 0.9166666667 0)
(0.3333333333 0.9166666667 0)
(0.5 0.9166666667 0)
(0.6666666667 0.9166666667 0)
(0.8333333333 0.9166666667 0)
(1 0.9166666667 0)
(0 1 0)
(0.1666666667 1 0)
(0.3333333333 1 0)
(0.5 1 0)
(0.6666666667 1 0)
(0.8333333333 1 0)
(1 1 0)
(0 0 0.1666666667)
(0.1666666667 0 0.1666666667)
(0.3333333333 0 0.1666666667)
(0.5 0 0.1666666667)
(0.6666666667 0 0.1666666667)
(0.8333333333 0 0.1666666667)
(1 0 0.1666666667)
(0 0.08333333333 0.1666666667)
(0.1666666667 0.08333333333 0.1666666667)
(0.3333333333 0.08333333333 0.1666666667)
(0.5 0.08333333333 0.1666666667)
(0.6666666667 0.08333333333 0.1666666667)
(0.8333333333 0.08333333333 0.1666666667)
(1 0.08333333333 0.1666666667)
(0 0.1666666667 0.1666666667)
(0.1666666667 0.1666666667 0.1666666667)
(0.3333333333 0.1666666667 0.1666666667)
(0.5 0.1666666667 0.1666666667)
(0.6666666667 0.1666666667 0.1666666667)
(0.8333333333 0.1666666667 0.1666666667)
(1 0.1666666667 0.1666666667)
(0 0.25 0.1666666667)
(0.1666666667 0.25 0.1666666667)
(0.3333333333 0.25 0.1666666667)
(0.5 0.25 0.1666666667)
(0.6666666667 0.25 0.1666666667)
(0.8333333333 0.25 0.1666666667)
(1 0.25 0.1666666667)
(0 0.3333333333 0.1666666667)
(0.1666666667 0.3333333333 0.1666666667)
(0.3333333333 0.3333333333 0.1666666667)
(0.5 0.3333333333 0.1666666667)
(0.6666666667 0.3333333333 0.1666666667)
(0.8333333333 0.3333333333 0.1666666667)
(1 0.3333333333 0.1666666667)
(0 0.4166666667 0.1666666667)
(0.1666666667 0.4166666667 0.1666666667)
(0.3333333333 0.4166666667 0.1666666667)
(0.5 0.4166666667 0.1666666667)
(0.6666666667 0.4166666667 0.1666666667)
(0.8333333333 0.4166666667 0.1666666667)
(1 0.4166666667 0.1666666667)
(0 0.5 0.1666666667)
(0.1666666667 0.5 0.1666666667)
(0.3333333333 0.5 0.1666666667)
(0.5 0.5 0.1666666667)
(0.6666666667 0.5 0.1666666667)
(0.8333333333 0.5 0.1666666667)
(1 0.5 0.1666666667)
(0 0.5833333333 0.1666666667)
(0.1666666667 0.5833333333 0.1666666667)
(0.3333333333 0.5833333333 0.1666666667)
(0.5 0.5833333333 0.1666666667)
(0.6666666667 0.5833333333 0.1666666667)
(0.8333333333 0.5833333333 0.1666666667)
(1 0.5833333333 0.1666666667)
(0 0.6666666667 0.1666666667)
(0.1666666667 0.6666666667 0.1666666667)
(0.3333333333 0.6666666667 0.1666666667)
(0.5 0.6666666667 0.1666666667)
(0.6666666667 0.6666666667 0.1666666667)
(0.8333333333 0.6666666667 0.1666666667)
(1 0.6666666667 0.1666666667)
(0 0.75 0.1666666667)
(0.1666666667 0.75 0.1666666667)
(0.3333333333 0.75 0.1666666667)
(0.5 0.75 0.1666666667)
(0.6666666667 0.75 0.1666666667)
(0.8333333333 0.75 0.1666666667)
(1 0.75 0.1666666667)
(0 0.8333333333 0.1666666667)
(0.1666666667 0.8333333333 0.1666666667)
(0.3333333333 0.8333333333 0.1666666667)
(0.5 0.8333333333 0.1666666667)
(0.6666666667 0.8333333333 0.1666666667)
(0.8333333333 0.8333333333 0.1666666667)
(1 0.8333333333 0.1666666667)
(0 0.9166666667 0.1666666667)
(0.1666666667 0.9166666667 0.1666666667)
(0.3333333333 0.9166666667 0.1666666667)
(0.5 0.9166666667 0.1666666667)
(0.6666666667 0.9166666667 0.1666666667)
(0.8333333333 0.9166666667 0.1666666667)
(1 0.9166666667 0.1666666667)
(0 1 0.1666666667)
(0.1666666667 1 0.1666666667)
(0.3333333333 1 0.1666666667)
(0.5 1 0.1666666667)
(0.6666666667 1 0.1666666667)
(0.8333333333 1 0.1666666667)
(1 1 0.1666666667)
(0 0 0.3333333333)
(0.1666666667 0 0.3333333333)
(0.3333333333 0 0.3333333333)
(0.5 0 0.3333333333)
(0.6666666667 0 0.3333333333)
(0.8333333333 0 0.3333333333)
(1 0 0.3333333333)
(0 0.08333333333 0.3333333333)
(0.1666666667 0.08333333333 0.3333333333)
(0.3333333333 0.08333333333 0.3333333333)
(0.5 0.08333333333 0.3333333333)
(0.6666666667 0.08333333333 0.3333333333)
(0.8333333333 0.08333333333 0.3333333333)
(1 0.08333333333 0.3333333333)
(0 0.1666666667 0.3333333333)
(0.1666666667 0.1666666667 0.3333333333)
(0.3333333333 0.1666666667 0.3333333333)
(0.5 0.1666666667 0.3333333333)
(0.6666666667 0.1666666667 0.3333333333)
(0.8333333333 0.1666666667 0.3333333333)
(1 0.1666666667 0.3333333333)
(0 0.25 0.3333333333)
(0.1666666667 0.25 0.3333333333)
(0.3333333333 0.25 0.3333333333)
(0.5 0.25 0.3333333333)
(0.6666666667 0.25 0.3333333333)
(0.8333333333 0.25 0.3333333333)
(1 0.25 0.3333333333)
(0 0.3333333333 0.3333333333)
(0.1666666667 0.3333333333 0.3333333333)
(0.3333333333 0.3333333333 0.3333333333)
(0.5 0.3333333333 0.3333333333)
(0.6666666667 0.3333333333 0.3333333333)
(0.8333333333 0.3333333333 0.3333333333)
(1 0.3333333333 0.3333333333)
(0 0.4166666667 0.3333333333)
(0.1666666667 0.4166666667 0.3333333333)
(0.3333333333 0.4166666667 0.3333333333)
(0.5 0.4166666667 0.3333333333)
(0.6666666667 0.4166666667 0.3333333333)
(0.8333333333 0.4166666667 0.3333333333)
(1 0.4166666667 0.3333333333)
(0 0.5 0.3333333333)
(0.1666666667 0.5 0.3333333333)
(0.3333333333 0.5 0.3333333333)
(0.5 0.5 0.3333333333)
(0.6666666667 0.5 0.3333333333)
(0.8333333333 0.5 0.3333333333)
(1 0.5 0.3333333333)
(0 0.5833333333 0.3333333333)
(0.1666666667 0.5833333333 0.3333333333)
(0.3333333333 0.5833333333 0.3333333333)
(0.5 0.5833333333 0.3333333333)
(0.6666666667 0.5833333333 0.3333333333)
(0.8333333333 0.5833333333 0.3333333333)
(1 0.5833333333 0.3333333333)
(0 0.6666666667 0.3333333333)
(0.1666666667 0.6666666667 0.3333333333)
(0.3333333333 0.6666666667 0.3333333333)
(0.5 0.6666666667 0.3333333333)
(0.6666666667 0.6666666667 0.3333333333)
(0.8333333333 0.6666666667 0.3333333333)
(1 0.6666666667 0.3333333333)
(0 0.75 0.3333333333)
(0.1666666667 0.75 0.3333333333)
(0.3333333333 0.75 0.3333333333)
(0.5 0.75 0.3333333333)
(0.6666666667 0.75 0.3333333333)
(0.8333333333 0.75 0.3333333333)
(1 0.75 0.3333333333)
(0 0.8333333333 0.3333333333)
(0.1666666667 0.8333333333 0.3333333333)
(0.3333333333 0.8333333333 0.3333333333)
(0.5 0.8333333333 0.3333333333)
(0.6666666667 0.8333333333 0.3333333333)
(0.8333333333 0.8333333333 0.3333333333)
(1 0.8333333333 0.3333333333)
(0 0.9166666667 0.3333333333)
(0.1666666667 0.9166666667 0.3333333333)
(0.3333333333 0.9166666667 0.3333333333)
(0.5 0.9166666667 0.3333333333)
(0.6666666667 0.9166666667 0.3333333333)
(0.8333333333 0.9166666667 0.3333333333)
(1 0.9166666667 0.3333333333)
(0 1 0.3333333333)
(0.1666666667 1 0.3333333333)
(0.3333333333 1 0.3333333333)
(0.5 1 0.3333333333)
(0.6666666667 1 0.3333333333)
(0.8333333333 1 0.3333333333)
(1 1 0.3333333333)
(0 0 0.5)
(0.1666666667 0 0.5)
(0.3333333333 0 0.5)
(0.5 0 0.5)
(0.6666666667 0 0.5)
(0.8333333333 0 0.5)
(1 0 0.5)
(0 0.08333333333 0.5)
(0.1666666667 0.08333333333 0.5)
(0.3333333333 0.08333333333 0.5)
(0.5 0.08333333333 0.5)
(0.6666666667 0.08333333333 0.5)
(0.8333333333 0.08333333333 0.5)
(1 0.08333333333 0.5)
(0 0.1666666667 0.5)
(0.1666666667 0.1666666667 0.5)
(0.3333333333 0.1666666667 0.5)
(0.5 0.1666666667 0.5)
(0.6666666667 0.1666666667 0.5)
(0.8333333333 0.1666666667 0.5)
(1 0.1666666667 0.5)
(0 0.25 0.5)
(0.1666666667 0.25 0.5)
(0.3333333333 0.25 0.5)
(0.5 0.25 0.5)
(0.6666666667 0.25 0.5)
(0.8333333333 0.25 0.5)
(1 0.25 0.5)
(0 0.3333333333 0.5)
(0.1666666667 0.3333333333 0.5)
(0.3333333333 0.3333333333 0.5)
(0.5 0.3333333333 0.5)
(0.6666666667 0.3333333333 0.5)
(0.8333333333 0.3333333333 0.5)
(1 0.3333333333 0.5)
(0 0.4166666667 0.5)
(0.1666666667 0.4166666667 0.5)
(0.3333333333 0.4166666667 0.5)
(0.5 0.4166666667 0.5)
(0.6666666667 0.4166666667 0.5)
(0.8333333333 0.4166666667 0.5)
(1 0.4166666667 0.5)
(0 0.5 0.5)
(0.1666666667 0.5 0.5)
(0.3333333333 0.5 0.5)
(0.5 0.5 0.5)
(0.6666666667 0.5 0.5)
(0.8333333333 0.5 0.5)
(1 0.5 0.5)
(0 0.5833333333 0.5)
(0.1666666667 0.5833333333 0.5)
(0.3333333333 0.5833333333 0.5)
(0.5 0.5833333333 0.5)
(0.6666666667 0.5833333333 0.5)
(0.8333333333 0.5833333333 0.5)
(1 0.5833333333 0.5)
(0 0.6666666667 0.5)
(0.1666666667 0.6666666667 0.5)
(0.3333333333 0.6666666667 0.5)
(0.5 0.6666666667 0.5)
(0.6666666667 0.6666666667 0.5)
(0.8333333333 0.6666666667 0.5)
(1 0.6666666667 0.5)
(0 0.75 0.5)
(0.1666666667 0.75 0.5)
(0.3333333333 0.75 0.5)
(0.5 0.75 0.5)
(0.6666666667 0.75 0.5)
(0.8333333333 0.75 0.5)
(1 0.75 0.5)
(0 0.8333333333 0.5)
(0.1666666667 0.8333333333 0.5)
(0.3333333333 0.8333333333 0.5)
(0.5 0.8333333333 0.5)
(0.6666666667 0.8333333333 0.5)
(0.8333333333 0.8333333333 0.5)
(1 0.8333333333 0.5)
(0 0.9166666667 0.5)
(0.1666666667 0.9166666667 0.5)
(0.3333333333 0.9166666667 0.5)
(0.5 0.9166666667 0.5)
(0.6666666667 0.9166666667 0.5)
(0.8333333333 0.9166666667 0.5)
(1 0.9166666667 0.5)
(0 1 0.5)
(0.1666666667 1 0.5)
(0.3333333333 1 0.5)
(0.5 1 0.5)
(0.6666666667 1 0.5)
(0.8333333333 1 0.5)
(1 1 0.5)
(0 0 0.6666666667)
(0.1666666667 0 0.6666666667)
(0.3333333333 0 0.6666666667)
(0.5 0 0.6666666667)
(0.6666666667 0 0.6666666667)
(0.8333333333 0 0.6666666667)
(1 0 0.6666666667)
(0 0.08333333333 0.6666666667)
(0.1666666667 0.08333333333 0.6666666667)
(0.3333333333 0.08333333333 0.6666666667)
(0.5 0.08333333333 0.6666666667)
(0.6666666667 0.08333333333 0.6666666667)
(0.8333333333 0.08333333333 0.6666666667)
(1 0.08333333333 0.6666666667)
(0 0.1666666667 0.6666666667)
(0.1666666667 0.1666666667 0.6666666667)
(0.3333333333 0.1666666667 0.6666666667)
(0.5 0.1666666667 0.6666666667)
(0.6666666667 0.1666666667 0.6666666667)
(0.8333333333 0.1666666667 0.6666666667)
(1 0.1666666667 0.6666666667)
(0 0.25 0.6666666667)
(0.1666666667 0.25 0.6666666667)
(0.3333333333 0.25 0.6666666667)
(0.5 0.25 0.6666666667)
(0.6666666667 0.25 0.6666666667)
(0.8333333333 0.25 0.6666666667)
(1 0.25 0.6666666667)
(0 0.3333333333 0.6666666667)
(0.1666666667 0.3333333333 0.6666666667)
(0.3333333333 0.3333333333 0.6666666667)
(0.5 0.3333333333 0.6666666667)
(0.6666666667 0.3333333333 0.6666666667)
(0.8333333333 0.3333333333 0.6666666667)
(1 0.3333333333 0.6666666667)
(0 0.4166666667 0.6666666667)
(0.1666666667 0.4166666667 0.6666666667)
(0.3333333333 0.4166666667 0.6666666667)
(0.5 0.4166666667 0.6666666667)
(0.6666666667 0.4166666667 0.6666666667)
(0.8333333333 0.4166666667 0.6666666667)
(1 0.4166666667 0.6666666667)
(0 0.5 0.6666666667)
(0.1666666667 0.5 0.6666666667)
(0.3333333333 0.5 0.6666666667)
(0.5 0.5 0.6666666667)
(0.6666666667 0.5 0.6666666667)
(0.8333333333 0.5 0.6666666667)
(1 0.5 0.6666666667)
(0 0.5833333333 0.6666666667)
(0.1666666667 0.5833333333 0.6666666667)
(0.3333333333 0.5833333333 0.6666666667)
(0.5 0.5833333333 0.6666666667)
(0.6666666667 0.5833333333 0.6666666667)
(0.8333333333 0.5833333333 0.6666666667)
(1 0.5833333333 0.6666666667)
(0 0.6666666667 0.6666666667)
(0.1666666667 0.6666666667 0.6666666667)
(0.3333333333 0.6666666667 0.6666666667)
(0.5 0.6666666667 0.6666666667)
(0.6666666667 0.6666666667 0.6666666667)
(0.8333333333 0.6666666667 0.6666666667)
(1 0.6666666667 0.6666666667)
(0 0.75 0.6666666667)
(0.1666666667 0.75 0.6666666667)
(0.3333333333 0.75 0.6666666667)
(0.5 0.75 0.6666666667)
(0.6666666667 0.75 0.6666666667)
(0.8333333333 0.75 0.6666666667)
(1 0.75 0.6666666667)
(0 0.8333333333 0.6666666667)
(0.1666666667 0.8333333333 0.6666666667)
(0.3333333333 0.8333333333 0.6666666667)
(0.5 0.8333333333 0.6666666667)
(0.6666666667 0.8333333333 0.6666666667)
(0.8333333333 0.8333333333 0.6666666667)
(1 0.8333333333 0.6666666667)
(0 0.9166666667 0.6666666667)
(0.1666666667 0.9166666667 0.6666666667)
(0.3333333333 0.9166666667 0.6666666667)
(0.5 0.9166666667 0.6666666667)
(0.6666666667 0.9166666667 0.6666666667)
(0.8333333333 0.9166666667 0.6666666667)
(1 0.9166666667 0.6666666667)
(0 1 0.6666666667)
(0.1666666667 1 0.6666666667)
(0.3333333333 1 0.6666666667)
(0.5 1 0.6666666667)
(0.6666666667 1 0.6666666667)
(0.8333333333 1 0.6666666667)
(1 1 0.6666666667)
(0 0 0.8333333333)
(0.1666666667 0 0.8333333333)
(0.3333333333 0 0.8333333333)
(0.5 0 0.8333333333)
(0.6666666667 0 0.8333333333)
(0.8333333333 0 0.8333333333)
(1 0 0.8333333333)
(0 0.08333333333 0.8333333333)
(0.1666666667 0.08333333333 0.8333333333)
(0.3333333333 0.08333333333 0.8333333333)
(0.5 0.08333333333 0.8333333333)
(0.6666666667 0.08333333333 0.8333333333)
(0.8333333333 0.08333333333 0.8333333333)
(1 0.08333333333 0.8333333333)
(0 0.1666666667 0.8333333333)
(0.1666666667 0.1666666667 0.8333333333)
(0.3333333333 0.1666666667 0.8333333333)
(0.5 0.1666666667 0.8333333333)
(0.6666666667 0.1666666667 0.8333333333)
(0.8333333333 0.1666666667 0.8333333333)
(1 0.1666666667 0.8333333333)
(0 0.25 0.8333333333)
(0.1666666667 0.25 0.8333333333)
(0.3333333333 0.25 0.8333333333)
(0.5 0.25 0.8333333333)
(0.6666666667 0.25 0.8333333333)
(0.8333333333 0.25 0.8333333333)
(1 0.25 0.8333333333)
(0 0.3333333333 0.8333333333)
(0.1666666667 0.3333333333 0.8333333333)
(0.3333333333 0.3333333333 0.8333333333)
(0.5 0.3333333333 0.8333333333)
(0.6666666667 0.3333333333 0.8333333333)
(0.8333333333 0.3333333333 0.8333333333)
(1 0.3333333333 0.8333333333)
(0 0.4166666667 0.8333333333)
(0.1666666667 0.4166666667 0.8333333333)
(0.3333333333 0.4166666667 0.8333333333)
(0.5 0.4166666667 0.8333333333)
(0.6666666667 0.4166666667 0.8333333333)
(0.8333333333 0.4166666667 0.8333333333)
(1 0.4166666667 0.8333333333)
(0 0.5 0.8333333333)
(0.1666666667 0.5 0.8333333333)
(0.3333333333 0.5 0.8333333333)
(0.5 0.5 0.8333333333)
(0.6666666667 0.5 0.8333333333)
(0.8333333333 0.5 0.8333333333)
(1 0.5 0.8333333333)
(0 0.5833333333 0.8333333333)
(0.1666666667 0.5833333333 0.8333333333)
(0.3333333333 0.5833333333 0.8333333333)
(0.5 0.5833333333 0.8333333333)
(0.6666666667 0.5833333333 0.8333333333)
(0.8333333333 0.5833333333 0.8333333333)
(1 0.5833333333 0.8333333333)
(0 0.6666666667 0.8333333333)
(0.1666666667 0.6666666667 0.8333333333)
(0.3333333333 0.6666666667 0.8333333333)
(0.5 0.6666666667 0.8333333333)
(0.6666666667 0.6666666667 0.8333333333)
(0.8333333333 0.6666666667 0.8333333333)
(1 0.6666666667 0.8333333333)
(0 0.75 0.8333333333)
(0.1666666667 0.75 0.8333333333)
(0.3333333333 0.75 0.8333333333)
(0.5 0.75 0.8333333333)
(0.6666666667 0.75 0.8333333333)
(0.8333333333 0.75 0.8333333333)
(1 0.75 0.8333333333)
(0 0.8333333333 0.8333333333)
(0.1666666667 0.8333333333 0.8333333333)
(0.3333333333 0.8333333333 0.8333333333)
(0.5 0.8333333333 0.8333333333)
(0.6666666667 0.8333333333 0.8333333333)
(0.8333333333 0.8333333333 0.8333333333)
(1 0.8333333333 0.8333333333)
(0 0.9166666667 0.8333333333)
(0.1666666667 0.9166666667 0.8333333333)
(0.3333333333 0.9166666667 0.8333333333)
(0.5 0.9166666667 0.8333333333)
(0.6666666667 0.9166666667 0.8333333333)
(0.8333333333 0.9166666667 0.8333333333)
(1 0.9166666667 0.8333333333)
(0 1 0.8333333333)
(0.1666666667 1 0.8333333333)
(0.3333333333 1 0.8333333333)
(0.5 1 0.8333333333)
(0.6666666667 1 0.8333333333)
(0.8333333333 1 0.8333333333)
(1 1 0.8333333333)
(0 0 1)
(0.1666666667 0 1)
(0.3333333333 0 1)
(0.5 0 1)
(0.6666666667 0 1)
(0.8333333333 0 1)
(1 0 1)
(0 0.08333333333 1)
(0.1666666667 0.08333333333 1)
(0.3333333333 0.08333333333 1)
(0.5 0.08333333333 1)
(0.6666666667 0.08333333333 1)
(0.8333333333 0.08333333333 1)
(1 0.08333333333 1)
(0 0.1666666667 1)
(0.1666666667 0.1666666667 1)
(0.3333333333 0.1666666667 1)
(0.5 0.1666666667 1)
(0.6666666667 0.1666666667 1)
(0.8333333333 0.1666666667 1)
(1 0.1666666667 1)
(0 0.25 1)
(0.1666666667 0.25 1)
(0.3333333333 0.25 1)
(0.5 0.25 1)
(0.6666666667 0.25 1)
(0.8333333333 0.25 1)
(1 0.25 1)
(0 0.3333333333 1)
(0.1666666667 0.3333333333 1)
(0.3333333333 0.3333333333 1)
(0.5 0.3333333333 1)
(0.6666666667 0.3333333333 1)
(0.8333333333 0.3333333333 1)
(1 0.3333333333 1)
(0 0.4166666667 1)
(0.1666666667 0.4166666667 1)
(0.3333333333 0.4166666667 1)
(0.5 0.4166666667 1)
(0.6666666667 0.4166666667 1)
(0.8333333333 0.4166666667 1)
(1 0.4166666667 1)
(0 0.5 1)
(0.1666666667 0.5 1)
(0.3333333333 0.5 1)
(0.5 0.5 1)
(0.6666666667 0.5 1)
(0.8333333333 0.5 1)
(1 0.5 1)
(0 0.5833333333 1)
(0.1666666667 0.5833333333 1)
(0.3333333333 0.5833333333 1)
(0.5 0.5833333333 1)
(0.6666666667 0.5833333333 1)
(0.8333333333 0.5833333333 1)
(1 0.5833333333 1)
(0 0.6666666667 1)
(0.1666666667 0.6666666667 1)
(0.3333333333 0.6666666667 1)
(0.5 0.6666666667 1)
(0.6666666667 0.6666666667 1)
(0.8333333333 0.6666666667 1)
(1 0.6666666667 1)
(0 0.75 1)
(0.1666666667 0.75 1)
(0.3333333333 0.75 1)
(0.5 0.75 1)
(0.6666666667 0.75 1)
(0.8333333333 0.75 1)
(1 0.75 1)
(0 0.8333333333 1)
(0.1666666667 0.8333333333 1)
(0.3333333333 0.8333333333 1)
(0.5 0.8333333333 1)
(0.6666666667 0.8333333333 1)
(0.8333333333 0.8333333333 1)
(1 0.8333333333 1)
(0 0.9166666667 1)
(0.1666666667 0.9166666667 1)
(0.3333333333 0.9166666667 1)
(0.5 0.9166666667 1)
(0.6666666667 0.9166666667 1)
(0.8333333333 0.9166666667 1)
(1 0.9166666667 1)
(0 1 1)
(0.1666666667 1 1)
(0.3333333333 1 1)
(0.5 1 1)
(0.6666666667 1 1)
(0.8333333333 1 1)
(1 1 1)
)


// ************************************************************************* //
