/*--------------------------------*- C++ -*----------------------------------*\
| =========                 |                                                 |
| \\      /  F ield         | OpenFOAM: The Open Source CFD Toolbox           |
|  \\    /   O peration     | Version:  3.0.1                                 |
|   \\  /    A nd           | Web:      www.OpenFOAM.org                      |
|    \\/     M anipulation  |                                                 |
\*---------------------------------------------------------------------------*/
FoamFile
{
    version     2.0;
    format      ascii;
    class       vectorField;
    location    "constant/polyMesh";
    object      points;
}
// * * * * * * * * * * * * * * * * * * * * * * * * * * * * * * * * * * * * * //


729
(
(0 0 0)
(2.099495239 0 0)
(4.198990478 0 0)
(6.298485718 0 0)
(8.397980957 0 0)
(10.4974762 0 0)
(12.59697144 0 0)
(14.69646667 0 0)
(16.79596191 0 0)
(0 5.668637146 0)
(2.099495239 5.668637146 0)
(4.198990478 5.668637146 0)
(6.298485718 5.668637146 0)
(8.397980957 5.668637146 0)
(10.4974762 5.668637146 0)
(12.59697144 5.668637146 0)
(14.69646667 5.668637146 0)
(16.79596191 5.668637146 0)
(0 11.33727429 0)
(2.099495239 11.33727429 0)
(4.198990478 11.33727429 0)
(6.298485718 11.33727429 0)
(8.397980957 11.33727429 0)
(10.4974762 11.33727429 0)
(12.59697144 11.33727429 0)
(14.69646667 11.33727429 0)
(16.79596191 11.33727429 0)
(0 17.00591144 0)
(2.099495239 17.00591144 0)
(4.198990478 17.00591144 0)
(6.298485718 17.00591144 0)
(8.397980957 17.00591144 0)
(10.4974762 17.00591144 0)
(12.59697144 17.00591144 0)
(14.69646667 17.00591144 0)
(16.79596191 17.00591144 0)
(0 22.67454858 0)
(2.099495239 22.67454858 0)
(4.198990478 22.67454858 0)
(6.298485718 22.67454858 0)
(8.397980957 22.67454858 0)
(10.4974762 22.67454858 0)
(12.59697144 22.67454858 0)
(14.69646667 22.67454858 0)
(16.79596191 22.67454858 0)
(0 28.34318573 0)
(2.099495239 28.34318573 0)
(4.198990478 28.34318573 0)
(6.298485718 28.34318573 0)
(8.397980957 28.34318573 0)
(10.4974762 28.34318573 0)
(12.59697144 28.34318573 0)
(14.69646667 28.34318573 0)
(16.79596191 28.34318573 0)
(0 34.01182288 0)
(2.099495239 34.01182288 0)
(4.198990478 34.01182288 0)
(6.298485718 34.01182288 0)
(8.397980957 34.01182288 0)
(10.4974762 34.01182288 0)
(12.59697144 34.01182288 0)
(14.69646667 34.01182288 0)
(16.79596191 34.01182288 0)
(0 39.68046002 0)
(2.099495239 39.68046002 0)
(4.198990478 39.68046002 0)
(6.298485718 39.68046002 0)
(8.397980957 39.68046002 0)
(10.4974762 39.68046002 0)
(12.59697144 39.68046002 0)
(14.69646667 39.68046002 0)
(16.79596191 39.68046002 0)
(0 45.34909717 0)
(2.099495239 45.34909717 0)
(4.198990478 45.34909717 0)
(6.298485718 45.34909717 0)
(8.397980957 45.34909717 0)
(10.4974762 45.34909717 0)
(12.59697144 45.34909717 0)
(14.69646667 45.34909717 0)
(16.79596191 45.34909717 0)
(0 0 2.099495239)
(2.099495239 0 2.099495239)
(4.198990478 0 2.099495239)
(6.298485718 0 2.099495239)
(8.397980957 0 2.099495239)
(10.4974762 0 2.099495239)
(12.59697144 0 2.099495239)
(14.69646667 0 2.099495239)
(16.79596191 0 2.099495239)
(0 5.668637146 2.099495239)
(2.099495239 5.668637146 2.099495239)
(4.198990478 5.668637146 2.099495239)
(6.298485718 5.668637146 2.099495239)
(8.397980957 5.668637146 2.099495239)
(10.4974762 5.668637146 2.099495239)
(12.59697144 5.668637146 2.099495239)
(14.69646667 5.668637146 2.099495239)
(16.79596191 5.668637146 2.099495239)
(0 11.33727429 2.099495239)
(2.099495239 11.33727429 2.099495239)
(4.198990478 11.33727429 2.099495239)
(6.298485718 11.33727429 2.099495239)
(8.397980957 11.33727429 2.099495239)
(10.4974762 11.33727429 2.099495239)
(12.59697144 11.33727429 2.099495239)
(14.69646667 11.33727429 2.099495239)
(16.79596191 11.33727429 2.099495239)
(0 17.00591144 2.099495239)
(2.099495239 17.00591144 2.099495239)
(4.198990478 17.00591144 2.099495239)
(6.298485718 17.00591144 2.099495239)
(8.397980957 17.00591144 2.099495239)
(10.4974762 17.00591144 2.099495239)
(12.59697144 17.00591144 2.099495239)
(14.69646667 17.00591144 2.099495239)
(16.79596191 17.00591144 2.099495239)
(0 22.67454858 2.099495239)
(2.099495239 22.67454858 2.099495239)
(4.198990478 22.67454858 2.099495239)
(6.298485718 22.67454858 2.099495239)
(8.397980957 22.67454858 2.099495239)
(10.4974762 22.67454858 2.099495239)
(12.59697144 22.67454858 2.099495239)
(14.69646667 22.67454858 2.099495239)
(16.79596191 22.67454858 2.099495239)
(0 28.34318573 2.099495239)
(2.099495239 28.34318573 2.099495239)
(4.198990478 28.34318573 2.099495239)
(6.298485718 28.34318573 2.099495239)
(8.397980957 28.34318573 2.099495239)
(10.4974762 28.34318573 2.099495239)
(12.59697144 28.34318573 2.099495239)
(14.69646667 28.34318573 2.099495239)
(16.79596191 28.34318573 2.099495239)
(0 34.01182288 2.099495239)
(2.099495239 34.01182288 2.099495239)
(4.198990478 34.01182288 2.099495239)
(6.298485718 34.01182288 2.099495239)
(8.397980957 34.01182288 2.099495239)
(10.4974762 34.01182288 2.099495239)
(12.59697144 34.01182288 2.099495239)
(14.69646667 34.01182288 2.099495239)
(16.79596191 34.01182288 2.099495239)
(0 39.68046002 2.099495239)
(2.099495239 39.68046002 2.099495239)
(4.198990478 39.68046002 2.099495239)
(6.298485718 39.68046002 2.099495239)
(8.397980957 39.68046002 2.099495239)
(10.4974762 39.68046002 2.099495239)
(12.59697144 39.68046002 2.099495239)
(14.69646667 39.68046002 2.099495239)
(16.79596191 39.68046002 2.099495239)
(0 45.34909717 2.099495239)
(2.099495239 45.34909717 2.099495239)
(4.198990478 45.34909717 2.099495239)
(6.298485718 45.34909717 2.099495239)
(8.397980957 45.34909717 2.099495239)
(10.4974762 45.34909717 2.099495239)
(12.59697144 45.34909717 2.099495239)
(14.69646667 45.34909717 2.099495239)
(16.79596191 45.34909717 2.099495239)
(0 0 4.198990478)
(2.099495239 0 4.198990478)
(4.198990478 0 4.198990478)
(6.298485718 0 4.198990478)
(8.397980957 0 4.198990478)
(10.4974762 0 4.198990478)
(12.59697144 0 4.198990478)
(14.69646667 0 4.198990478)
(16.79596191 0 4.198990478)
(0 5.668637146 4.198990478)
(2.099495239 5.668637146 4.198990478)
(4.198990478 5.668637146 4.198990478)
(6.298485718 5.668637146 4.198990478)
(8.397980957 5.668637146 4.198990478)
(10.4974762 5.668637146 4.198990478)
(12.59697144 5.668637146 4.198990478)
(14.69646667 5.668637146 4.198990478)
(16.79596191 5.668637146 4.198990478)
(0 11.33727429 4.198990478)
(2.099495239 11.33727429 4.198990478)
(4.198990478 11.33727429 4.198990478)
(6.298485718 11.33727429 4.198990478)
(8.397980957 11.33727429 4.198990478)
(10.4974762 11.33727429 4.198990478)
(12.59697144 11.33727429 4.198990478)
(14.69646667 11.33727429 4.198990478)
(16.79596191 11.33727429 4.198990478)
(0 17.00591144 4.198990478)
(2.099495239 17.00591144 4.198990478)
(4.198990478 17.00591144 4.198990478)
(6.298485718 17.00591144 4.198990478)
(8.397980957 17.00591144 4.198990478)
(10.4974762 17.00591144 4.198990478)
(12.59697144 17.00591144 4.198990478)
(14.69646667 17.00591144 4.198990478)
(16.79596191 17.00591144 4.198990478)
(0 22.67454858 4.198990478)
(2.099495239 22.67454858 4.198990478)
(4.198990478 22.67454858 4.198990478)
(6.298485718 22.67454858 4.198990478)
(8.397980957 22.67454858 4.198990478)
(10.4974762 22.67454858 4.198990478)
(12.59697144 22.67454858 4.198990478)
(14.69646667 22.67454858 4.198990478)
(16.79596191 22.67454858 4.198990478)
(0 28.34318573 4.198990478)
(2.099495239 28.34318573 4.198990478)
(4.198990478 28.34318573 4.198990478)
(6.298485718 28.34318573 4.198990478)
(8.397980957 28.34318573 4.198990478)
(10.4974762 28.34318573 4.198990478)
(12.59697144 28.34318573 4.198990478)
(14.69646667 28.34318573 4.198990478)
(16.79596191 28.34318573 4.198990478)
(0 34.01182288 4.198990478)
(2.099495239 34.01182288 4.198990478)
(4.198990478 34.01182288 4.198990478)
(6.298485718 34.01182288 4.198990478)
(8.397980957 34.01182288 4.198990478)
(10.4974762 34.01182288 4.198990478)
(12.59697144 34.01182288 4.198990478)
(14.69646667 34.01182288 4.198990478)
(16.79596191 34.01182288 4.198990478)
(0 39.68046002 4.198990478)
(2.099495239 39.68046002 4.198990478)
(4.198990478 39.68046002 4.198990478)
(6.298485718 39.68046002 4.198990478)
(8.397980957 39.68046002 4.198990478)
(10.4974762 39.68046002 4.198990478)
(12.59697144 39.68046002 4.198990478)
(14.69646667 39.68046002 4.198990478)
(16.79596191 39.68046002 4.198990478)
(0 45.34909717 4.198990478)
(2.099495239 45.34909717 4.198990478)
(4.198990478 45.34909717 4.198990478)
(6.298485718 45.34909717 4.198990478)
(8.397980957 45.34909717 4.198990478)
(10.4974762 45.34909717 4.198990478)
(12.59697144 45.34909717 4.198990478)
(14.69646667 45.34909717 4.198990478)
(16.79596191 45.34909717 4.198990478)
(0 0 6.298485718)
(2.099495239 0 6.298485718)
(4.198990478 0 6.298485718)
(6.298485718 0 6.298485718)
(8.397980957 0 6.298485718)
(10.4974762 0 6.298485718)
(12.59697144 0 6.298485718)
(14.69646667 0 6.298485718)
(16.79596191 0 6.298485718)
(0 5.668637146 6.298485718)
(2.099495239 5.668637146 6.298485718)
(4.198990478 5.668637146 6.298485718)
(6.298485718 5.668637146 6.298485718)
(8.397980957 5.668637146 6.298485718)
(10.4974762 5.668637146 6.298485718)
(12.59697144 5.668637146 6.298485718)
(14.69646667 5.668637146 6.298485718)
(16.79596191 5.668637146 6.298485718)
(0 11.33727429 6.298485718)
(2.099495239 11.33727429 6.298485718)
(4.198990478 11.33727429 6.298485718)
(6.298485718 11.33727429 6.298485718)
(8.397980957 11.33727429 6.298485718)
(10.4974762 11.33727429 6.298485718)
(12.59697144 11.33727429 6.298485718)
(14.69646667 11.33727429 6.298485718)
(16.79596191 11.33727429 6.298485718)
(0 17.00591144 6.298485718)
(2.099495239 17.00591144 6.298485718)
(4.198990478 17.00591144 6.298485718)
(6.298485718 17.00591144 6.298485718)
(8.397980957 17.00591144 6.298485718)
(10.4974762 17.00591144 6.298485718)
(12.59697144 17.00591144 6.298485718)
(14.69646667 17.00591144 6.298485718)
(16.79596191 17.00591144 6.298485718)
(0 22.67454858 6.298485718)
(2.099495239 22.67454858 6.298485718)
(4.198990478 22.67454858 6.298485718)
(6.298485718 22.67454858 6.298485718)
(8.397980957 22.67454858 6.298485718)
(10.4974762 22.67454858 6.298485718)
(12.59697144 22.67454858 6.298485718)
(14.69646667 22.67454858 6.298485718)
(16.79596191 22.67454858 6.298485718)
(0 28.34318573 6.298485718)
(2.099495239 28.34318573 6.298485718)
(4.198990478 28.34318573 6.298485718)
(6.298485718 28.34318573 6.298485718)
(8.397980957 28.34318573 6.298485718)
(10.4974762 28.34318573 6.298485718)
(12.59697144 28.34318573 6.298485718)
(14.69646667 28.34318573 6.298485718)
(16.79596191 28.34318573 6.298485718)
(0 34.01182288 6.298485718)
(2.099495239 34.01182288 6.298485718)
(4.198990478 34.01182288 6.298485718)
(6.298485718 34.01182288 6.298485718)
(8.397980957 34.01182288 6.298485718)
(10.4974762 34.01182288 6.298485718)
(12.59697144 34.01182288 6.298485718)
(14.69646667 34.01182288 6.298485718)
(16.79596191 34.01182288 6.298485718)
(0 39.68046002 6.298485718)
(2.099495239 39.68046002 6.298485718)
(4.198990478 39.68046002 6.298485718)
(6.298485718 39.68046002 6.298485718)
(8.397980957 39.68046002 6.298485718)
(10.4974762 39.68046002 6.298485718)
(12.59697144 39.68046002 6.298485718)
(14.69646667 39.68046002 6.298485718)
(16.79596191 39.68046002 6.298485718)
(0 45.34909717 6.298485718)
(2.099495239 45.34909717 6.298485718)
(4.198990478 45.34909717 6.298485718)
(6.298485718 45.34909717 6.298485718)
(8.397980957 45.34909717 6.298485718)
(10.4974762 45.34909717 6.298485718)
(12.59697144 45.34909717 6.298485718)
(14.69646667 45.34909717 6.298485718)
(16.79596191 45.34909717 6.298485718)
(0 0 8.397980957)
(2.099495239 0 8.397980957)
(4.198990478 0 8.397980957)
(6.298485718 0 8.397980957)
(8.397980957 0 8.397980957)
(10.4974762 0 8.397980957)
(12.59697144 0 8.397980957)
(14.69646667 0 8.397980957)
(16.79596191 0 8.397980957)
(0 5.668637146 8.397980957)
(2.099495239 5.668637146 8.397980957)
(4.198990478 5.668637146 8.397980957)
(6.298485718 5.668637146 8.397980957)
(8.397980957 5.668637146 8.397980957)
(10.4974762 5.668637146 8.397980957)
(12.59697144 5.668637146 8.397980957)
(14.69646667 5.668637146 8.397980957)
(16.79596191 5.668637146 8.397980957)
(0 11.33727429 8.397980957)
(2.099495239 11.33727429 8.397980957)
(4.198990478 11.33727429 8.397980957)
(6.298485718 11.33727429 8.397980957)
(8.397980957 11.33727429 8.397980957)
(10.4974762 11.33727429 8.397980957)
(12.59697144 11.33727429 8.397980957)
(14.69646667 11.33727429 8.397980957)
(16.79596191 11.33727429 8.397980957)
(0 17.00591144 8.397980957)
(2.099495239 17.00591144 8.397980957)
(4.198990478 17.00591144 8.397980957)
(6.298485718 17.00591144 8.397980957)
(8.397980957 17.00591144 8.397980957)
(10.4974762 17.00591144 8.397980957)
(12.59697144 17.00591144 8.397980957)
(14.69646667 17.00591144 8.397980957)
(16.79596191 17.00591144 8.397980957)
(0 22.67454858 8.397980957)
(2.099495239 22.67454858 8.397980957)
(4.198990478 22.67454858 8.397980957)
(6.298485718 22.67454858 8.397980957)
(8.397980957 22.67454858 8.397980957)
(10.4974762 22.67454858 8.397980957)
(12.59697144 22.67454858 8.397980957)
(14.69646667 22.67454858 8.397980957)
(16.79596191 22.67454858 8.397980957)
(0 28.34318573 8.397980957)
(2.099495239 28.34318573 8.397980957)
(4.198990478 28.34318573 8.397980957)
(6.298485718 28.34318573 8.397980957)
(8.397980957 28.34318573 8.397980957)
(10.4974762 28.34318573 8.397980957)
(12.59697144 28.34318573 8.397980957)
(14.69646667 28.34318573 8.397980957)
(16.79596191 28.34318573 8.397980957)
(0 34.01182288 8.397980957)
(2.099495239 34.01182288 8.397980957)
(4.198990478 34.01182288 8.397980957)
(6.298485718 34.01182288 8.397980957)
(8.397980957 34.01182288 8.397980957)
(10.4974762 34.01182288 8.397980957)
(12.59697144 34.01182288 8.397980957)
(14.69646667 34.01182288 8.397980957)
(16.79596191 34.01182288 8.397980957)
(0 39.68046002 8.397980957)
(2.099495239 39.68046002 8.397980957)
(4.198990478 39.68046002 8.397980957)
(6.298485718 39.68046002 8.397980957)
(8.397980957 39.68046002 8.397980957)
(10.4974762 39.68046002 8.397980957)
(12.59697144 39.68046002 8.397980957)
(14.69646667 39.68046002 8.397980957)
(16.79596191 39.68046002 8.397980957)
(0 45.34909717 8.397980957)
(2.099495239 45.34909717 8.397980957)
(4.198990478 45.34909717 8.397980957)
(6.298485718 45.34909717 8.397980957)
(8.397980957 45.34909717 8.397980957)
(10.4974762 45.34909717 8.397980957)
(12.59697144 45.34909717 8.397980957)
(14.69646667 45.34909717 8.397980957)
(16.79596191 45.34909717 8.397980957)
(0 0 10.4974762)
(2.099495239 0 10.4974762)
(4.198990478 0 10.4974762)
(6.298485718 0 10.4974762)
(8.397980957 0 10.4974762)
(10.4974762 0 10.4974762)
(12.59697144 0 10.4974762)
(14.69646667 0 10.4974762)
(16.79596191 0 10.4974762)
(0 5.668637146 10.4974762)
(2.099495239 5.668637146 10.4974762)
(4.198990478 5.668637146 10.4974762)
(6.298485718 5.668637146 10.4974762)
(8.397980957 5.668637146 10.4974762)
(10.4974762 5.668637146 10.4974762)
(12.59697144 5.668637146 10.4974762)
(14.69646667 5.668637146 10.4974762)
(16.79596191 5.668637146 10.4974762)
(0 11.33727429 10.4974762)
(2.099495239 11.33727429 10.4974762)
(4.198990478 11.33727429 10.4974762)
(6.298485718 11.33727429 10.4974762)
(8.397980957 11.33727429 10.4974762)
(10.4974762 11.33727429 10.4974762)
(12.59697144 11.33727429 10.4974762)
(14.69646667 11.33727429 10.4974762)
(16.79596191 11.33727429 10.4974762)
(0 17.00591144 10.4974762)
(2.099495239 17.00591144 10.4974762)
(4.198990478 17.00591144 10.4974762)
(6.298485718 17.00591144 10.4974762)
(8.397980957 17.00591144 10.4974762)
(10.4974762 17.00591144 10.4974762)
(12.59697144 17.00591144 10.4974762)
(14.69646667 17.00591144 10.4974762)
(16.79596191 17.00591144 10.4974762)
(0 22.67454858 10.4974762)
(2.099495239 22.67454858 10.4974762)
(4.198990478 22.67454858 10.4974762)
(6.298485718 22.67454858 10.4974762)
(8.397980957 22.67454858 10.4974762)
(10.4974762 22.67454858 10.4974762)
(12.59697144 22.67454858 10.4974762)
(14.69646667 22.67454858 10.4974762)
(16.79596191 22.67454858 10.4974762)
(0 28.34318573 10.4974762)
(2.099495239 28.34318573 10.4974762)
(4.198990478 28.34318573 10.4974762)
(6.298485718 28.34318573 10.4974762)
(8.397980957 28.34318573 10.4974762)
(10.4974762 28.34318573 10.4974762)
(12.59697144 28.34318573 10.4974762)
(14.69646667 28.34318573 10.4974762)
(16.79596191 28.34318573 10.4974762)
(0 34.01182288 10.4974762)
(2.099495239 34.01182288 10.4974762)
(4.198990478 34.01182288 10.4974762)
(6.298485718 34.01182288 10.4974762)
(8.397980957 34.01182288 10.4974762)
(10.4974762 34.01182288 10.4974762)
(12.59697144 34.01182288 10.4974762)
(14.69646667 34.01182288 10.4974762)
(16.79596191 34.01182288 10.4974762)
(0 39.68046002 10.4974762)
(2.099495239 39.68046002 10.4974762)
(4.198990478 39.68046002 10.4974762)
(6.298485718 39.68046002 10.4974762)
(8.397980957 39.68046002 10.4974762)
(10.4974762 39.68046002 10.4974762)
(12.59697144 39.68046002 10.4974762)
(14.69646667 39.68046002 10.4974762)
(16.79596191 39.68046002 10.4974762)
(0 45.34909717 10.4974762)
(2.099495239 45.34909717 10.4974762)
(4.198990478 45.34909717 10.4974762)
(6.298485718 45.34909717 10.4974762)
(8.397980957 45.34909717 10.4974762)
(10.4974762 45.34909717 10.4974762)
(12.59697144 45.34909717 10.4974762)
(14.69646667 45.34909717 10.4974762)
(16.79596191 45.34909717 10.4974762)
(0 0 12.59697144)
(2.099495239 0 12.59697144)
(4.198990478 0 12.59697144)
(6.298485718 0 12.59697144)
(8.397980957 0 12.59697144)
(10.4974762 0 12.59697144)
(12.59697144 0 12.59697144)
(14.69646667 0 12.59697144)
(16.79596191 0 12.59697144)
(0 5.668637146 12.59697144)
(2.099495239 5.668637146 12.59697144)
(4.198990478 5.668637146 12.59697144)
(6.298485718 5.668637146 12.59697144)
(8.397980957 5.668637146 12.59697144)
(10.4974762 5.668637146 12.59697144)
(12.59697144 5.668637146 12.59697144)
(14.69646667 5.668637146 12.59697144)
(16.79596191 5.668637146 12.59697144)
(0 11.33727429 12.59697144)
(2.099495239 11.33727429 12.59697144)
(4.198990478 11.33727429 12.59697144)
(6.298485718 11.33727429 12.59697144)
(8.397980957 11.33727429 12.59697144)
(10.4974762 11.33727429 12.59697144)
(12.59697144 11.33727429 12.59697144)
(14.69646667 11.33727429 12.59697144)
(16.79596191 11.33727429 12.59697144)
(0 17.00591144 12.59697144)
(2.099495239 17.00591144 12.59697144)
(4.198990478 17.00591144 12.59697144)
(6.298485718 17.00591144 12.59697144)
(8.397980957 17.00591144 12.59697144)
(10.4974762 17.00591144 12.59697144)
(12.59697144 17.00591144 12.59697144)
(14.69646667 17.00591144 12.59697144)
(16.79596191 17.00591144 12.59697144)
(0 22.67454858 12.59697144)
(2.099495239 22.67454858 12.59697144)
(4.198990478 22.67454858 12.59697144)
(6.298485718 22.67454858 12.59697144)
(8.397980957 22.67454858 12.59697144)
(10.4974762 22.67454858 12.59697144)
(12.59697144 22.67454858 12.59697144)
(14.69646667 22.67454858 12.59697144)
(16.79596191 22.67454858 12.59697144)
(0 28.34318573 12.59697144)
(2.099495239 28.34318573 12.59697144)
(4.198990478 28.34318573 12.59697144)
(6.298485718 28.34318573 12.59697144)
(8.397980957 28.34318573 12.59697144)
(10.4974762 28.34318573 12.59697144)
(12.59697144 28.34318573 12.59697144)
(14.69646667 28.34318573 12.59697144)
(16.79596191 28.34318573 12.59697144)
(0 34.01182288 12.59697144)
(2.099495239 34.01182288 12.59697144)
(4.198990478 34.01182288 12.59697144)
(6.298485718 34.01182288 12.59697144)
(8.397980957 34.01182288 12.59697144)
(10.4974762 34.01182288 12.59697144)
(12.59697144 34.01182288 12.59697144)
(14.69646667 34.01182288 12.59697144)
(16.79596191 34.01182288 12.59697144)
(0 39.68046002 12.59697144)
(2.099495239 39.68046002 12.59697144)
(4.198990478 39.68046002 12.59697144)
(6.298485718 39.68046002 12.59697144)
(8.397980957 39.68046002 12.59697144)
(10.4974762 39.68046002 12.59697144)
(12.59697144 39.68046002 12.59697144)
(14.69646667 39.68046002 12.59697144)
(16.79596191 39.68046002 12.59697144)
(0 45.34909717 12.59697144)
(2.099495239 45.34909717 12.59697144)
(4.198990478 45.34909717 12.59697144)
(6.298485718 45.34909717 12.59697144)
(8.397980957 45.34909717 12.59697144)
(10.4974762 45.34909717 12.59697144)
(12.59697144 45.34909717 12.59697144)
(14.69646667 45.34909717 12.59697144)
(16.79596191 45.34909717 12.59697144)
(0 0 14.69646667)
(2.099495239 0 14.69646667)
(4.198990478 0 14.69646667)
(6.298485718 0 14.69646667)
(8.397980957 0 14.69646667)
(10.4974762 0 14.69646667)
(12.59697144 0 14.69646667)
(14.69646667 0 14.69646667)
(16.79596191 0 14.69646667)
(0 5.668637146 14.69646667)
(2.099495239 5.668637146 14.69646667)
(4.198990478 5.668637146 14.69646667)
(6.298485718 5.668637146 14.69646667)
(8.397980957 5.668637146 14.69646667)
(10.4974762 5.668637146 14.69646667)
(12.59697144 5.668637146 14.69646667)
(14.69646667 5.668637146 14.69646667)
(16.79596191 5.668637146 14.69646667)
(0 11.33727429 14.69646667)
(2.099495239 11.33727429 14.69646667)
(4.198990478 11.33727429 14.69646667)
(6.298485718 11.33727429 14.69646667)
(8.397980957 11.33727429 14.69646667)
(10.4974762 11.33727429 14.69646667)
(12.59697144 11.33727429 14.69646667)
(14.69646667 11.33727429 14.69646667)
(16.79596191 11.33727429 14.69646667)
(0 17.00591144 14.69646667)
(2.099495239 17.00591144 14.69646667)
(4.198990478 17.00591144 14.69646667)
(6.298485718 17.00591144 14.69646667)
(8.397980957 17.00591144 14.69646667)
(10.4974762 17.00591144 14.69646667)
(12.59697144 17.00591144 14.69646667)
(14.69646667 17.00591144 14.69646667)
(16.79596191 17.00591144 14.69646667)
(0 22.67454858 14.69646667)
(2.099495239 22.67454858 14.69646667)
(4.198990478 22.67454858 14.69646667)
(6.298485718 22.67454858 14.69646667)
(8.397980957 22.67454858 14.69646667)
(10.4974762 22.67454858 14.69646667)
(12.59697144 22.67454858 14.69646667)
(14.69646667 22.67454858 14.69646667)
(16.79596191 22.67454858 14.69646667)
(0 28.34318573 14.69646667)
(2.099495239 28.34318573 14.69646667)
(4.198990478 28.34318573 14.69646667)
(6.298485718 28.34318573 14.69646667)
(8.397980957 28.34318573 14.69646667)
(10.4974762 28.34318573 14.69646667)
(12.59697144 28.34318573 14.69646667)
(14.69646667 28.34318573 14.69646667)
(16.79596191 28.34318573 14.69646667)
(0 34.01182288 14.69646667)
(2.099495239 34.01182288 14.69646667)
(4.198990478 34.01182288 14.69646667)
(6.298485718 34.01182288 14.69646667)
(8.397980957 34.01182288 14.69646667)
(10.4974762 34.01182288 14.69646667)
(12.59697144 34.01182288 14.69646667)
(14.69646667 34.01182288 14.69646667)
(16.79596191 34.01182288 14.69646667)
(0 39.68046002 14.69646667)
(2.099495239 39.68046002 14.69646667)
(4.198990478 39.68046002 14.69646667)
(6.298485718 39.68046002 14.69646667)
(8.397980957 39.68046002 14.69646667)
(10.4974762 39.68046002 14.69646667)
(12.59697144 39.68046002 14.69646667)
(14.69646667 39.68046002 14.69646667)
(16.79596191 39.68046002 14.69646667)
(0 45.34909717 14.69646667)
(2.099495239 45.34909717 14.69646667)
(4.198990478 45.34909717 14.69646667)
(6.298485718 45.34909717 14.69646667)
(8.397980957 45.34909717 14.69646667)
(10.4974762 45.34909717 14.69646667)
(12.59697144 45.34909717 14.69646667)
(14.69646667 45.34909717 14.69646667)
(16.79596191 45.34909717 14.69646667)
(0 0 16.79596191)
(2.099495239 0 16.79596191)
(4.198990478 0 16.79596191)
(6.298485718 0 16.79596191)
(8.397980957 0 16.79596191)
(10.4974762 0 16.79596191)
(12.59697144 0 16.79596191)
(14.69646667 0 16.79596191)
(16.79596191 0 16.79596191)
(0 5.668637146 16.79596191)
(2.099495239 5.668637146 16.79596191)
(4.198990478 5.668637146 16.79596191)
(6.298485718 5.668637146 16.79596191)
(8.397980957 5.668637146 16.79596191)
(10.4974762 5.668637146 16.79596191)
(12.59697144 5.668637146 16.79596191)
(14.69646667 5.668637146 16.79596191)
(16.79596191 5.668637146 16.79596191)
(0 11.33727429 16.79596191)
(2.099495239 11.33727429 16.79596191)
(4.198990478 11.33727429 16.79596191)
(6.298485718 11.33727429 16.79596191)
(8.397980957 11.33727429 16.79596191)
(10.4974762 11.33727429 16.79596191)
(12.59697144 11.33727429 16.79596191)
(14.69646667 11.33727429 16.79596191)
(16.79596191 11.33727429 16.79596191)
(0 17.00591144 16.79596191)
(2.099495239 17.00591144 16.79596191)
(4.198990478 17.00591144 16.79596191)
(6.298485718 17.00591144 16.79596191)
(8.397980957 17.00591144 16.79596191)
(10.4974762 17.00591144 16.79596191)
(12.59697144 17.00591144 16.79596191)
(14.69646667 17.00591144 16.79596191)
(16.79596191 17.00591144 16.79596191)
(0 22.67454858 16.79596191)
(2.099495239 22.67454858 16.79596191)
(4.198990478 22.67454858 16.79596191)
(6.298485718 22.67454858 16.79596191)
(8.397980957 22.67454858 16.79596191)
(10.4974762 22.67454858 16.79596191)
(12.59697144 22.67454858 16.79596191)
(14.69646667 22.67454858 16.79596191)
(16.79596191 22.67454858 16.79596191)
(0 28.34318573 16.79596191)
(2.099495239 28.34318573 16.79596191)
(4.198990478 28.34318573 16.79596191)
(6.298485718 28.34318573 16.79596191)
(8.397980957 28.34318573 16.79596191)
(10.4974762 28.34318573 16.79596191)
(12.59697144 28.34318573 16.79596191)
(14.69646667 28.34318573 16.79596191)
(16.79596191 28.34318573 16.79596191)
(0 34.01182288 16.79596191)
(2.099495239 34.01182288 16.79596191)
(4.198990478 34.01182288 16.79596191)
(6.298485718 34.01182288 16.79596191)
(8.397980957 34.01182288 16.79596191)
(10.4974762 34.01182288 16.79596191)
(12.59697144 34.01182288 16.79596191)
(14.69646667 34.01182288 16.79596191)
(16.79596191 34.01182288 16.79596191)
(0 39.68046002 16.79596191)
(2.099495239 39.68046002 16.79596191)
(4.198990478 39.68046002 16.79596191)
(6.298485718 39.68046002 16.79596191)
(8.397980957 39.68046002 16.79596191)
(10.4974762 39.68046002 16.79596191)
(12.59697144 39.68046002 16.79596191)
(14.69646667 39.68046002 16.79596191)
(16.79596191 39.68046002 16.79596191)
(0 45.34909717 16.79596191)
(2.099495239 45.34909717 16.79596191)
(4.198990478 45.34909717 16.79596191)
(6.298485718 45.34909717 16.79596191)
(8.397980957 45.34909717 16.79596191)
(10.4974762 45.34909717 16.79596191)
(12.59697144 45.34909717 16.79596191)
(14.69646667 45.34909717 16.79596191)
(16.79596191 45.34909717 16.79596191)
)


// ************************************************************************* //
